13342	11433	2598
13342	13487	5770
10140	10397	1848
10140	11433	15
10140	11697	50
10140	13487	647
10140	14635	9
11252	10397	4082
11252	11618	8
11252	14100	4
11252	14492	7
11252	14683	1
13342	10397	5448
13342	11193	1168
13342	11298	2301
13342	12451	12
13342	14685	23
13342	14831	3
13342	14869	2
13342	14893	13
13342	15016	515
10208	10397	2594
10140	11292	4661
13342	10423	131
13342	10721	1538
13342	11278	1761
13342	11292	4249
13342	11697	1088
13342	12889	2253
13342	12892	1080
13342	12953	1987
13342	13204	2174
13342	14107	2986
13342	14112	315
13342	14635	1210
13342	10821	1454
13342	13495	440
13342	14747	508
13342	14771	696
13342	14986	413
13342	15304	923
10140	11298	3989
13342	13930	4517
10140	12264	505
13342	12339	567
13342	11423	568
13342	13198	1544
13342	13485	410
13342	13871	907
10140	14674	18
13342	14100	1105
10140	13930	1029
10208	11057	2170
13342	14122	511
13342	14683	191
10140	14869	1953
10140	14107	4545
10140	12892	1500
13342	10529	103
13342	11042	922
10140	12266	1497
13342	11618	700
13342	11721	191
13342	11986	271
10140	14588	4
11252	11057	1894
13342	12266	967
13342	11057	1043
13342	14492	357
11252	12451	12
11252	12191	1
11252	13204	75
13342	13244	993
11252	14027	10
10208	11298	454
13342	10693	76
13342	11267	94
13342	15376	77
13342	14730	75
13342	10408	184
13342	10874	288
11252	12266	1
10140	14771	268
13342	11066	174
13342	11977	218
11252	15304	17
11252	10693	2
11252	11433	2
11252	13931	1
13342	12323	4
13342	14193	5
10140	10821	670
10140	13204	633
10140	13256	2
10140	13851	31
10140	14492	11
10140	11540	503
10140	12889	1814
10140	12896	460
10140	14683	235
10140	14908	164
10140	15376	798
13342	12197	1
13342	13232	21
13342	14108	1
10140	13891	70
13342	11003	1
10140	13198	498
13342	14520	18
10140	14679	824
13342	12264	2
10140	14747	689
10140	11197	35
10140	13342	41
10140	10800	66
10208	11995	2
10208	10868	8
10140	11641	1
13342	12412	9
13342	11109	2
10208	11278	1
10140	10266	7
13342	14689	11
13342	13182	13
10208	12953	10
10140	13158	386
10140	13495	20
13342	15380	1
13342	14570	8
13342	10713	4
10140	11109	2
13342	11823	2
10140	11413	4
10140	15051	5
10140	11695	1
10140	14122	14
10140	12953	49
11252	11697	15
11252	13303	2
10208	11641	1
10208	14100	3
10208	14685	3
10140	11085	9
11252	13230	1
10208	10599	1
11252	14122	1
11252	15624	1
11252	14635	8
10140	11066	2
10208	11996	1
10208	10994	3
10140	11259	2444
10140	15016	537
10140	10257	3
10140	13232	1020
13342	11259	238
10140	10423	193
10140	12191	1128
10140	14057	494
10140	10599	8
10140	15304	142
10140	13796	667
10140	10693	42
10140	10721	39
10140	11884	5
10140	11996	7
13342	12191	17
10140	12391	4
13342	12391	8
10140	12992	17
10140	13296	5
13342	13796	14
10140	13871	12
10140	14100	13
13342	14307	2
10140	14570	10
13342	14679	98
10140	14730	2
10140	14831	54
10140	14893	122
10140	15370	28
10140	10590	1
13342	10590	3
10208	11618	1
13342	11203	3
13342	12217	1
10140	14698	6
10140	16218	1
11252	12323	3
10140	10713	12
13342	13296	1
10140	11042	11
10140	10279	2
11252	10529	1
11252	14107	1
10140	12339	1
10140	12278	1
13342	12954	1
11252	14685	2
11252	14098	3
13342	12173	1
13342	14098	1
13342	13256	1
11252	13360	6
10140	11057	1
11252	14986	4
11252	15249	2
13342	11013	1
10208	13577	1
13342	12478	2
10208	12451	2
13342	13367	1
13342	13076	1
13342	13851	1
11252	11953	2
13342	11540	4
13342	12206	2
13342	14908	2
13342	15454	1
10140	12177	1
13342	14696	1
13342	11996	1
10140	12094	1
10140	11503	1
13342	12278	1
10208	15412	1
11252	10434	1
10140	13502	1
10208	15607	1
11252	11986	1
11252	14730	1
13342	15412	1
13342	10372	8
