14761	10135	102
14761	10408	63
14761	10581	108
14761	14112	23
14761	10980	74
14761	11003	62
14761	11337	52
14761	11423	56
14761	11775	71
14761	11537	61
14761	11697	3
14761	11637	62
14761	12892	1
14761	11823	79
14761	11986	68
14761	14082	2
14761	11995	60
14761	11996	79
14761	12223	69
14761	12323	61
14761	12945	64
14761	13256	11
14761	13983	72
14761	14025	74
14761	14512	94
14761	14574	73
14761	14696	75
14761	14783	75
14761	15295	63
14761	15323	52
14761	15412	89
14761	13204	1
14761	15919	61
14761	16133	58
