11977	12953	7
11977	13487	2036
11977	15376	8
11977	13930	2267
11977	13342	124
11977	11042	342
14081	14107	15
11977	11433	1628
11977	10408	16
14745	10620	7
11977	12197	2
11977	11066	1
11977	11775	1
11977	10434	1
11977	13459	9
14745	11292	17
14081	11292	5
11977	11203	5
11977	13871	1
11977	12889	1
14745	11908	1
11977	13198	2
11977	11076	1
11977	11587	2
11977	12339	2
11977	11298	8
11977	13485	6
11977	15380	1
11977	13232	1
11977	12335	1
11977	14122	1
11977	10397	4
11977	13230	1
11977	13076	1
14081	12889	1
11977	10590	3
