13871	11193	245
13871	13487	2216
13871	14107	2056
13871	14869	1149
13871	12953	198
13871	11433	1178
13871	13244	991
13871	10397	1839
13871	11298	2712
13871	15016	1154
13871	11423	29
13871	10693	27
13871	12266	1472
13871	11292	6029
13871	11775	6
13871	13930	3660
13871	14492	36
13871	11618	364
13871	13029	30
13871	14057	11
13871	14908	28
14704	11057	731
14704	14100	681
13871	10529	5
13871	10599	3
13871	10713	1
13871	10721	3
13871	10800	6
13871	10821	78
13871	11066	18
13871	11259	1
13871	11697	40
13871	12191	38
13871	12264	12
13871	12339	51
13871	12889	959
13871	12892	145
13871	13204	526
13871	13232	2186
13871	13891	111
13871	14027	2
13871	14100	25
13871	14635	29
13871	14679	175
13871	14683	17
13871	14730	10
13871	14747	26
13871	14831	29
13871	14893	9
13871	15304	85
13871	13198	39
13871	15370	2
13871	12278	3
13871	14771	7
13061	11140	4
13061	12266	652
13061	13256	11
13871	13342	791
13871	15048	3
13061	11298	746
13871	11278	307
13871	14122	7
13871	11638	9
13871	11109	8
13871	11884	16
13871	14112	104
14704	13931	3
14704	11278	2
13871	11921	1
13061	14683	3
13061	10423	1
13061	12206	1
13871	10590	3
13061	12889	65
13871	11540	1
13871	12217	2
13871	13433	1
13871	14570	1
13871	11057	1
13871	11637	1
13871	13367	1
14704	10821	2
13871	11003	2
13871	10423	1
13871	12451	1
13871	11980	1
13871	11042	1
13871	10558	1
14704	11641	1
14704	10397	1
14704	12264	1
14704	14524	1
13871	12899	1
