11996	10397	3243
11996	12953	76
14254	14843	64
11996	11433	868
11996	12264	459
11996	13930	560
10666	10466	119
10666	12889	532
10666	12892	69
10666	12954	72
10666	13796	89
10666	14262	124
10666	14679	85
11996	11697	70
11996	13204	139
11996	14082	75
11996	14112	74
11996	14761	76
11996	10994	30
10666	14747	1825
11996	11298	920
10666	12173	342
14254	13204	177
14254	12478	260
11996	12266	428
11996	11042	186
11996	11057	2385
11996	10868	18
11996	11193	263
11996	11278	157
11996	13184	2
11996	14696	1
10666	10590	3
11996	13851	1
11996	13303	2
11996	14100	563
11996	14122	3
11996	14492	13
11996	14524	1
11996	15412	3
11996	12451	2
14254	10721	2
11996	12889	10
11996	14685	6
11996	11618	212
11996	10208	3
11996	10599	2
11996	11995	4
11996	13485	1
11996	10980	2
11996	13577	2
11996	14730	1
11996	10431	8
11996	11699	2
11996	11259	37
11996	12191	149
11996	13232	274
11996	10821	182
11996	10693	120
11996	11292	23
11996	12391	7
11996	15016	2
11996	13796	4
11996	14869	9
11996	14107	2
11996	15323	1
11996	11617	1
11996	11641	2
11996	13495	2
11996	13931	1
11996	15249	1
11996	12323	1
11996	11977	1
11996	14814	1
10666	14057	1
10666	10713	1
11996	11066	2
11996	11146	3
11996	13795	1
11996	12478	1
11996	10874	1
11996	13377	1
11996	10721	1
11996	14683	3
11996	14831	2
11996	14893	1
