14057	12173	1834
14057	13830	1601
14057	11298	2761
14057	12478	761
14057	12954	422
14057	14771	4299
14057	11292	7704
14057	11603	1620
14057	11618	545
14057	12266	2300
14057	12889	2608
14057	12892	3405
14057	13930	4469
14057	14107	5283
14057	14489	1170
14057	14679	1412
14057	14747	7159
14057	10299	1352
14057	13264	922
14057	14831	2249
14057	14893	2171
14057	10397	2750
14057	11884	1756
14057	13487	2536
14057	14869	3750
14057	10721	479
14057	11433	246
14057	10423	278
14057	12953	40
14057	14570	537
14057	10713	1467
14057	10800	846
14057	11638	288
14057	12758	496
14057	13891	882
14057	14262	666
14057	14635	1
14057	14908	1301
14057	13024	187
14057	13796	2004
14057	13964	54
14057	15023	167
14057	10930	1
14057	15376	57
14057	12264	772
14057	10140	444
14057	14252	9
14057	13388	18
14057	11986	2
14057	11057	3
14057	11423	1
14057	13871	32
14057	13204	42
14057	12003	1
14057	12441	1
14057	10599	7
14057	16101	1
14057	13232	942
14057	11259	144
14057	10693	37
14057	13198	641
14057	10821	12
14057	15016	55
14057	11042	4
14057	15370	38
14057	11697	19
14057	12191	19
14057	13342	3
14057	13495	28
14057	13851	13
14057	14492	32
14057	14683	24
14057	15304	88
14057	10590	3
14057	11278	4
14057	13244	12
14057	13127	1
14057	10994	13
14057	14730	2
14057	14100	11
14057	10849	1
14057	11470	1
14057	10792	1
14057	11540	5
14057	12206	1
14057	13158	1
14057	14122	3
