11278	11042	695
11278	11618	711
11278	10257	690
11278	10529	1922
11278	10581	49
11278	10721	6440
11278	10785	876
11278	10792	685
11278	10821	551
11278	11057	5313
11278	11066	1329
11278	11267	696
11278	11298	7011
11278	12197	585
11278	12264	949
11278	12339	1669
11278	12451	1666
11278	12953	4096
11278	13296	983
11278	13930	8460
11278	13931	830
11278	14098	12
11278	14100	2757
11278	14107	2281
11278	14122	1562
11278	14307	1409
11278	14321	916
11278	14524	85
11278	14576	835
11278	14730	511
11278	14747	1249
11278	15096	1418
11278	12889	596
11278	12892	734
11278	13204	4658
11278	13342	1759
11278	14092	1
11278	11292	2694
11278	12244	1
11278	10693	1064
11278	10800	32
11278	10868	381
11278	10874	213
11278	10980	158
11278	10994	848
11278	11146	286
11278	11433	3504
11278	11697	2956
11278	11995	573
11278	11996	193
11278	12217	738
11278	12266	2507
11278	12441	3
11278	12448	117
11278	12478	1444
11278	13198	1174
11278	13303	2705
11278	13487	2744
11278	13495	1282
11278	14027	1557
11278	14492	1865
11278	14635	1443
11278	14683	106
11278	14986	443
11278	15304	2496
11278	15412	378
11278	10397	9157
11278	13139	1
11278	15016	1072
11278	13577	50
11278	13871	319
12391	14100	1010
11278	10423	2
11278	14869	924
11278	12124	7
11278	14893	43
11278	13244	1433
11278	14704	4
12391	12892	8
12391	13232	1114
12391	10693	14
12391	10821	1884
12391	11697	610
12391	12953	18
12391	13204	886
12391	14027	593
12391	14635	276
12391	15304	568
12391	12191	9
12391	12451	41
12391	12889	58
12391	10529	3
12391	11996	8
12391	14492	65
12391	13342	10
12391	14771	12
12391	14679	34
11278	14831	109
11278	14771	174
11278	11193	910
11278	11423	221
11278	12945	153
11278	13360	17
11278	11986	167
11278	13485	177
12003	14869	764
12003	14747	364
12003	11292	566
12003	13487	402
12003	12156	7
11278	14057	31
12391	12478	1
11278	12323	13
11278	14570	59
11278	14679	74
12391	13931	23
11278	12191	3
11278	10990	13
11278	14685	30
11278	11641	5
11278	14908	15
11278	13230	4
11278	11624	1
11278	12278	1
11278	13232	2
11278	14574	6
11278	10599	16
11278	11481	13
12003	10466	76
12003	12889	72
11278	10781	3
11278	12397	2
11278	15070	1
12003	10849	8
11278	14711	1
12003	11648	7
12003	13486	5
11278	13891	2
11278	14843	18
12391	12244	1
12391	11618	6
12391	10721	1
12003	10620	9
12003	10590	2
11278	14193	1
12003	11884	1
12003	11898	1
12003	12892	1
12003	14457	1
12391	15070	1
11278	15323	1
12391	10257	1
12391	11292	36
12391	10792	2
12391	14307	1
12391	10800	1
12391	11066	9
12391	15016	2
12391	11259	5
12391	14683	6
12391	11884	2
12391	13198	7
12391	14107	8
12391	12339	3
12391	14908	15
12391	15376	10
12003	14252	1
12391	13495	14
12391	13796	2
12391	14747	3
12391	14831	2
12391	14869	1
12391	12197	1
11278	12954	2
11278	10620	2
12003	11057	1
