12451	11057	4948
12451	11278	1739
12451	12953	798
12451	14986	14
12451	15304	1136
12451	10397	10699
12451	11042	174
12451	11618	783
12451	11697	976
12451	12264	1104
12451	12266	1483
12451	13204	250
12451	13303	991
12451	13795	2
12451	13930	2032
12451	14027	63
12451	14100	1717
12451	14635	50
12451	15249	21
13232	10140	1140
13232	10257	1069
13232	10529	1232
13232	10599	869
13232	10693	2505
13232	10721	1665
13232	10792	1743
13232	10821	2202
13232	10994	294
13232	11042	2497
13232	11066	2370
13232	11259	1201
13232	11292	4743
13232	11433	3853
13232	11481	248
13232	11618	151
13232	11697	1628
13232	12264	2617
13232	12339	1847
13232	12391	1070
13232	12448	540
13232	12889	2810
13232	12953	2161
13232	13198	2492
13232	13204	3092
13232	13296	1488
13232	13487	4691
13232	13495	737
13232	13871	2203
13232	13931	1097
13232	14100	2090
13232	14107	2247
13232	14122	1865
13232	14307	1315
13232	14492	1506
13232	14635	2014
13232	14730	1916
13232	15016	3254
13232	15304	2034
12451	10257	17
12451	10693	1364
12451	10821	2198
12451	13232	362
13232	10423	1034
13232	10800	219
13232	11996	278
13232	12191	2570
13232	12206	215
13232	12892	2000
13232	12992	491
13232	13796	1255
13232	13851	258
13232	13891	682
13232	14027	110
13232	14057	816
13232	14570	826
13232	14679	1926
13232	14683	1184
13232	14747	1531
13232	14771	1443
13232	14831	894
13232	14869	1394
13232	14893	766
13232	14908	704
13232	15376	1205
13232	10279	9
12451	10423	83
12451	10529	52
13232	10713	117
13232	15370	42
12451	10599	350
12451	12889	542
12451	13931	505
12451	11066	61
12451	12191	738
12448	10821	409
13232	11540	32
13232	11884	9
12448	10693	12
12448	12191	1076
12448	12992	6
12448	13204	384
12448	13232	493
12451	15370	28
12451	13495	59
12451	11292	55
13232	12451	345
12451	11433	690
12451	14107	24
12451	14730	35
12448	12264	3
12448	13495	28
13232	13342	21
12451	12391	57
12448	10140	22
12448	12889	9
12448	14683	117
12451	12892	6
12451	13198	44
12448	10721	12
12448	11540	5
12448	15016	12
12451	11481	5
12451	14307	69
12451	10721	374
12451	10994	34
12451	11624	3
12451	13422	2
12451	14685	22
12448	10397	2768
12448	11057	1015
12448	11298	1587
12448	12266	1180
12448	13244	1030
12448	14193	3
12451	11298	2543
12451	11953	26
13232	13930	387
12451	13487	566
13232	10397	4597
12448	14814	3
10581	12953	857
12451	12003	1
12451	11193	496
10581	14100	1288
10581	11433	485
12451	14747	6
12451	13244	1003
12451	10980	3
13232	11278	3
10581	14122	4
10581	11278	49
13232	12896	4
10581	10397	12
12451	12339	14
12451	14122	16
12448	12892	24
13232	10685	7
13232	14108	4
12448	12217	1
12448	15304	1
12451	14193	10
12451	14492	31
12451	15624	4
12451	12478	669
12448	11278	135
12451	11721	2
12448	11433	103
13232	11267	1
13232	13485	2
12451	10158	1
13232	14986	496
12451	11986	26
13232	14098	2
12451	13342	10
12451	12448	1
12451	13230	11
12451	14524	6
12451	14576	3
10581	14112	75
10581	14761	118
12448	10423	1
12448	10781	5
12448	10868	1
12448	11973	15
12451	14771	13
12451	15607	6
12451	10731	9
12451	13851	7
12451	14683	13
12451	14893	10
13232	10620	2
13232	11298	2
13232	11977	1
13232	11986	3
12451	11252	29
12451	15024	1
10581	14321	14
10581	13296	1
12451	10868	4
10581	10529	2
12448	10599	11
12451	12124	1
13232	10785	2
12448	13422	8
12448	12007	3
12451	13485	1
12448	10980	1
12451	14783	1
12451	10792	7
12451	14321	1
12451	15096	6
10581	10721	7
12448	10529	4
13232	14696	5
12451	12323	1
12448	11931	2
12448	14109	2
12448	12951	1
12448	12945	1
13232	13367	2
13232	12478	1
12451	12197	7
12451	13577	2
13232	11193	1
13232	14193	1
12451	10146	1
13232	11057	1
13232	15919	1
12448	11618	1
12451	14679	3
12448	13851	2
12448	15412	2
12451	10785	4
10581	10589	2
10581	14231	1
10581	11057	1
12448	13241	2
12451	14908	1
12451	13360	1
12451	10208	1
12451	14057	5
13232	10469	1
13232	11823	1
12448	13277	1
12451	12951	1
12448	10792	4
12448	10994	2
12448	11042	4
12448	11259	19
12448	11292	12
12448	13796	2
12448	14100	1
12448	14107	2
12448	14307	2
12448	14570	2
12448	14679	23
12451	11259	9
12451	11540	6
12451	13296	29
12451	14570	11
12451	14869	3
12451	15016	40
13232	13158	2
12448	13377	2
13232	11973	1
10581	11612	1
12451	11617	1
12451	12992	1
12448	15370	1
