13930	11057	8306
13930	11986	4233
13930	12451	2064
13930	13485	3670
13930	14100	9879
13930	10397	8086
13930	12892	12748
13930	14107	8606
13930	11042	4878
13930	11292	10287
13930	11823	1697
13930	12953	11106
13930	13303	5534
13930	15096	2683
13930	11697	3322
13930	10140	1097
13930	10372	1231
13930	10408	1435
13930	10423	3144
13930	10529	3629
13930	10599	676
13930	10685	708
13930	10693	2880
13930	10713	914
13930	10721	8210
13930	10792	3512
13930	10849	745
13930	11003	2967
13930	11066	4648
13930	11109	1417
13930	11193	3512
13930	11203	1460
13930	11267	2213
13930	11278	8329
13930	11298	10359
13930	11337	513
13930	11423	3419
13930	11433	6703
13930	11637	1146
13930	11775	1506
13930	11977	2245
13930	12266	5547
13930	12278	1721
13930	12339	5110
13930	12889	7015
13930	12992	1776
13930	13029	921
13930	13184	724
13930	13198	4754
13930	13204	5916
13930	13342	3872
13930	13344	327
13930	13367	2523
13930	13487	10465
13930	13495	3069
13930	13851	2130
13930	13871	3874
13930	14027	1762
13930	14057	4738
13930	14098	1
13930	14108	1818
13930	14122	4022
13930	14262	1153
13930	14321	947
13930	14457	239
13930	14576	3123
13930	14679	6882
13930	14683	2798
13930	14696	1641
13930	14730	2247
13930	14747	9561
13930	14771	10995
13930	14783	1078
13930	14843	2190
13930	14869	3611
13930	14893	1747
13930	14908	3852
13930	14952	1194
13930	15016	6102
13930	15304	3871
13930	15370	1959
13930	15380	1124
13930	15919	1596
13930	10135	1640
13930	10434	1060
13930	10821	3778
13930	10868	553
13930	10874	853
13930	11471	484
13930	11618	6697
13930	11995	921
13930	11996	575
13930	12264	3061
13930	12884	725
13930	13230	2535
13930	13232	392
13930	14307	1179
13930	15412	1274
13930	14492	3767
13930	14635	2865
13930	13296	822
13930	10627	160
13930	11540	1202
13930	12173	3268
13930	12441	1382
13930	12945	1000
13930	13076	862
13930	13244	2596
13930	13502	417
13930	13830	463
13930	14006	448
13930	14193	327
13930	14831	1416
13930	15024	262
13930	10257	1728
13930	14633	1021
13930	12758	92
13930	10431	464
13930	10994	902
13930	12197	1936
13930	12217	555
13930	13931	1441
13930	14524	2692
13930	14574	662
13930	14685	840
13930	15376	1215
13930	11146	525
13930	10785	1346
13930	10299	779
13930	11076	623
13930	14570	783
13930	13891	31
13930	11274	726
13930	11721	854
13930	11503	618
13930	13577	126
13930	11067	1369
13930	15323	324
13930	10469	707
13930	12478	1789
13930	15295	634
13930	13459	286
13930	10980	306
13930	13290	214
13930	12094	508
13930	11612	710
13930	12954	302
13930	10800	1
13930	10781	1
13930	11884	19
13930	13422	1
13930	13486	10
13930	12982	3
13930	10158	85
13930	11648	1
13930	14986	1
13930	13796	1
13930	11921	1
13930	15249	1
