15919	11057	801
15919	10781	1
15919	11778	5
15919	11193	297
15919	12992	25
15919	11292	438
15919	11433	327
15919	10397	1223
15919	13487	280
15919	13930	1537
15919	13244	779
11447	13487	142
15919	14783	7
15919	11298	2583
15919	15370	14
15919	12266	538
14231	10721	406
14231	14321	2
15919	12953	249
15919	15016	3
15919	10155	1
15919	14683	3
15919	13303	2
15919	11618	136
15919	13377	1
11447	11898	1
15919	14122	1
10925	11292	20
14231	10581	1
15919	13851	4
15919	13198	2
15919	11111	1
15919	10466	54
15919	12889	72
15919	12892	69
15919	14761	63
15919	10990	1
15919	11066	1
15919	14107	1
15919	13204	1
15919	11423	2
15919	12478	1
15919	10721	1
15919	10713	1
15919	14524	1
15919	11637	1
15919	10590	2
15919	10208	1
15919	12511	2
15919	14908	1
15919	10693	1
15919	10135	1
15919	10140	3
