11150	10397	827
11150	13244	1
11150	11298	340
13203	10397	10
12206	12266	1300
12206	10140	3
12206	10279	5
12206	10423	395
12206	10599	1
12206	10721	1
12206	10821	38
12206	11259	439
12206	11292	10
12206	11433	3
12206	11540	1
12206	11697	7
12206	12191	1757
12206	12339	3
12206	12391	2
12206	12451	1
12206	12889	64
12206	12892	3
12206	12896	2
12206	12953	4
12206	12992	2
12206	13198	39
12206	13204	33
12206	13232	189
12206	13495	1
12206	13796	26
12206	13851	11
12206	14100	1
12206	14107	6
12206	14683	389
12206	14730	1
12206	14747	4
12206	14908	2
12206	15016	29
12206	15370	8
12206	10590	2
12206	13487	276
11150	15096	1
11150	13204	1
12206	11140	11
12206	13256	9
12206	10747	10
11150	13277	1
11150	10599	2
11150	11308	1
12206	11415	1
13203	10994	1
12206	11066	1
12206	14679	1
