13830	12173	6294
13830	12402	286
13830	12758	1343
13830	12889	254
13830	12982	529
13830	13796	428
13830	14057	1605
13830	14747	2553
13830	12266	31
13830	12892	5930
13830	14107	1477
13830	14771	2582
13830	14908	156
13830	13487	360
13377	10397	702
13377	10781	3
13377	11298	561
13377	13244	417
13377	14814	6
13377	10185	3
13377	12448	4
13830	11292	950
13830	12264	147
13830	12492	12
13830	13930	322
13830	13034	17
13377	12266	384
13830	14831	262
13830	14679	477
13830	14893	485
13377	14193	1
13830	11298	1452
13830	13347	9
13377	12992	4
13830	10299	327
13830	12478	9
13830	14869	1
13377	13495	6
13377	10599	1
