11577	11433	1020
11986	10397	1364
11986	10821	873
11986	11193	941
11986	11433	3568
11986	11637	2
11986	13487	2201
11986	14679	10
11986	15016	11
11986	13204	485
11986	14635	275
11986	15304	286
11986	10466	80
11986	11697	55
11986	12889	63
11986	14082	51
11986	14112	74
11986	14761	57
10754	11630	61
11986	13930	3952
11986	11298	711
10754	10299	250
11986	11292	1296
15374	12007	2
11577	11042	545
11986	12266	425
11986	11042	868
11986	13244	621
11577	14100	592
15374	13244	276
11986	11278	138
11986	12451	13
11986	14696	3
11986	11618	288
11986	14843	1
11577	11823	5
11986	11481	7
11283	11292	45
11986	10590	1
11986	11721	2
11986	10469	6
11986	12945	1
11986	11996	1
11986	12884	8
11986	12953	160
11986	13184	4
11986	13342	125
11986	15048	1
11577	14122	5
11986	15380	10
11577	10792	5
11986	14570	1
11986	11013	1
11577	10529	1
11577	10821	1
15374	12448	1
11986	11267	1
11986	14122	2
11986	11066	2
11986	12339	7
11986	10693	4
11986	13344	3
15374	10397	1
11986	14747	1
11577	11146	1
10754	14709	1
11986	11057	1
11986	13232	1
11577	11298	1
11986	11823	1
11283	12992	1
11283	13198	2
11986	14057	1
11986	14100	1
11986	14893	1
11577	10874	1
11986	10874	1
11577	11537	1
