11433	11292	6135
11433	12264	1487
11433	13930	6627
11433	10397	7941
11433	10581	565
11433	10693	3109
11433	10821	3385
11433	11042	942
11433	11066	1682
11433	11193	1753
11433	11537	1361
11433	11618	2417
11433	11986	3239
11433	12266	3060
11433	12339	2905
11433	13184	1810
11433	14100	5300
11433	12884	1484
11433	10257	1461
11433	10408	1393
11433	10423	1055
11433	10434	754
11433	10469	1505
11433	10577	717
11433	10685	423
11433	10792	2205
11433	10874	908
11433	11298	4325
11433	11577	1013
11433	11721	1196
11433	11823	1342
11433	12197	942
11433	12478	1010
11433	13244	2328
11433	13296	1392
11433	13342	2721
11433	13367	754
11433	13485	2903
11433	13487	5824
11433	13931	1113
11433	14122	1949
11433	14307	1336
11433	14321	952
11433	14576	1367
11433	15096	1410
11433	14683	1430
11433	15016	3243
11433	11278	3528
11433	13577	338
11433	10529	2227
11433	10599	661
11433	10721	3152
11433	10785	855
11433	11003	1022
11433	11057	6076
11433	12892	4303
11433	13230	992
11433	14057	207
11433	14107	5885
11433	14524	1146
11433	14696	1289
11433	14747	2434
11433	14771	2268
11433	14869	3903
11433	15304	3031
11433	11203	625
11433	11267	985
11433	11423	1142
11433	11612	698
11433	11977	1854
11433	12889	3968
11433	13204	4335
11433	13459	560
11433	14679	1143
11433	15380	1217
11433	14986	745
11433	11697	3699
11433	13232	4186
11433	13871	1264
11433	14730	1089
11433	11587	186
11433	12953	4005
11433	14492	2037
11433	11996	834
11433	13198	1894
11433	13303	2011
11433	13495	835
11433	13851	659
11433	14635	3353
11433	15370	552
11433	15412	599
11433	14027	1830
11433	14711	745
11433	10135	842
11433	10994	511
11433	11995	794
11433	12448	154
11433	12451	669
11433	12945	857
11433	14574	219
11433	15070	772
11433	10333	222
11433	12397	729
11433	10980	279
11433	12217	438
11433	14108	506
11433	11013	334
11433	11337	440
11433	12335	103
11433	14633	107
11433	13796	134
11433	15919	330
11433	11775	263
11433	14150	253
11433	14570	86
11433	12173	14
11433	15323	134
11433	12992	274
11433	12223	120
11433	13076	170
12217	10397	3049
11433	11146	424
11433	14843	231
11433	10431	128
11433	14685	257
11433	11637	12
11433	12278	2
11433	14893	39
11433	10299	9
11433	10868	221
11433	15295	19
11433	14262	2
12217	10693	13
12217	10821	461
12217	11057	1580
12217	13244	851
12217	11298	1177
12217	12264	209
12217	12266	584
11140	12266	2199
11140	11298	1654
11140	13256	17
12217	13930	559
12217	11292	487
11140	14683	14
12217	11433	408
12217	15412	3
11433	10800	22
11433	12323	3
12217	11278	727
11433	13891	1
11140	12206	10
12217	13277	8
11140	10721	1
12217	11308	3
11140	11049	1
11140	12191	1331
12217	10980	8
12217	11193	2
11140	10747	4
11433	12003	1
12217	13931	1
12217	10599	21
12217	15624	1
11433	10627	1
11433	14831	25
12217	14092	1
12217	15304	3
11433	14908	5
11140	10140	3
11140	11259	292
11433	11259	65
11140	11292	32
11433	11884	22
11433	12191	25
11140	12892	21
11140	12896	9
11140	13158	1
11140	13198	6
11140	10423	6
11140	13232	12
11140	13495	15
11140	13796	1
11140	14771	2
12217	12889	1
11433	10140	3
12217	12448	1
11140	13303	1
12217	13204	251
12217	13495	3
11140	13851	1
12217	11109	6
12217	10721	1
12217	13303	1
11140	13061	3
11140	14193	1
12217	12339	2
12217	10781	1
12217	13422	3
11140	14685	1
12217	13484	2
12217	14193	3
11433	15376	22
12217	13377	1
11433	11252	1
12217	10785	4
12217	13871	1
12217	14321	1
11433	13360	3
12217	10874	2
11140	12217	1
11140	14843	1
12217	10529	1
12217	11481	1
12217	11996	1
12217	12197	1
11140	10599	1
11140	10821	2
11140	13204	1
11140	14107	1
11140	14747	2
11433	11481	2
12217	13360	1
