12892	10620	41
12892	10666	68
12892	11423	74
12892	11603	57
12892	11637	68
12892	11775	63
12892	11921	74
12892	12278	73
12892	13264	295
12892	13486	58
12892	14252	63
12892	14783	78
12892	15919	71
12892	12173	11165
14492	10721	1299
14492	11697	872
14492	12478	1182
12892	10423	2352
12892	10721	4831
12892	11298	10998
12892	12264	7840
12892	12478	11153
12892	12889	10591
12892	13930	12988
12892	14747	6231
12892	14771	12505
14492	12953	2877
12892	10140	1501
12892	10713	554
12892	11041	1058
12892	11042	1424
12892	11292	11240
12892	11618	3476
12892	11638	1989
12892	11697	2235
12892	12266	5428
12892	12758	2841
12892	12982	3179
12892	13204	4104
12892	13476	1430
12892	13830	5264
12892	13891	268
12892	14057	3325
12892	14100	4491
12892	14107	7465
12892	14122	719
12892	14262	1354
12892	14570	2466
12892	14679	5907
12892	14689	2539
12892	14698	985
12892	14831	4353
12892	14869	6300
12892	14893	2697
12892	14908	919
12892	15376	2010
12892	16218	661
14492	11042	547
12892	10372	477
12892	10561	334
12892	11057	4696
12892	11109	555
12892	11259	526
12892	12441	211
12892	12954	80
12892	13303	3437
12892	13495	1981
12892	13871	137
12892	14027	4
12892	14487	139
12892	14905	423
12892	15016	2435
12892	15041	171
14492	10994	28
14492	11618	1361
14492	12264	1746
14492	14524	31
12892	10397	10473
12892	10821	1746
12892	11433	5218
12892	11540	1014
12892	13487	4750
12892	10693	1662
12892	10800	353
12892	12363	150
12892	12436	176
12892	13388	284
12892	13502	70
12892	14683	1543
12892	14794	24
14492	10693	1358
14492	11298	3384
14492	12266	1918
14492	10397	8207
14492	11433	1791
14492	10821	2358
14492	11057	6849
14492	11193	795
14492	11278	1922
14492	11423	5
14492	12323	27
14492	12339	393
14492	13204	1284
14492	13487	1578
14492	15016	872
14492	15304	1015
12892	10157	344
12892	10994	5
12892	11066	497
12892	11193	1914
12892	12191	1586
12892	12339	699
12892	12953	122
12892	13198	1236
12892	13244	2537
12892	13342	1290
12892	13796	1885
12892	15023	321
14492	10529	283
14492	11292	743
14492	11617	9
14492	11995	91
14492	11996	12
14492	13244	1035
14492	13577	13
14492	13930	3629
14492	14100	3126
14492	14574	5
12892	11278	567
14492	14730	33
12892	15304	712
12892	12280	1
12892	12896	4
14492	13198	73
10408	10397	415
10408	10529	2
10408	11203	7
10408	11298	1
10408	11433	1305
10408	11977	15
10408	13232	2
10408	13342	104
10408	13487	1070
13241	10397	313
13241	12448	3
14492	11066	118
12892	13851	400
12892	14843	281
12892	15370	202
10408	13930	1458
12892	12451	19
12892	10408	1
12892	14674	159
15041	14869	898
12892	12217	1
14960	11298	763
15041	10713	71
15041	11503	1
15041	12892	165
15041	14747	194
15041	14262	1
14492	10868	11
14492	14122	151
14492	14831	77
12892	13256	1
12892	10792	2
14492	13303	1002
14492	13342	380
15041	15389	10
14492	11641	26
13241	11973	1
14492	12889	621
14492	13230	1
10408	13459	1
14492	14092	5
12892	11267	21
14492	15096	2
14492	14635	41
14492	10431	9
12892	11884	69
14492	12197	10
14492	11699	2
14492	12451	13
14492	13296	76
14492	14307	141
14492	10990	4
12892	11503	298
12892	11049	1
12892	14492	60
10408	11587	1
14492	13360	1
14492	13931	9
14492	14869	34
14492	11540	1
14492	13282	1
10408	13485	5
14492	10423	108
12892	13029	1
12892	10781	1
14492	10792	14
14492	14027	21
14492	12892	59
14492	14107	714
14492	11624	2
14492	13232	1649
12892	10257	73
12892	13232	1930
12892	10279	8
14492	12191	78
12892	10529	57
14492	12992	58
12892	10599	52
14492	10599	49
14492	14570	22
14492	11259	56
14492	11481	2
14492	14683	83
12892	11996	1
12892	12206	37
12892	14730	4
12892	12391	3
12892	13931	11
14492	13891	16
12892	12992	20
12892	13158	74
14492	13871	19
12892	13296	19
14492	13495	36
12892	14307	6
14492	14893	50
14492	15376	6
12892	15412	1
12892	10849	1
12892	14635	2
10408	11986	7
10408	12889	54
10408	14761	61
14492	11267	1
14492	13139	1
14492	14685	7
14492	10257	4
14492	14321	6
14492	14696	1
14960	14107	1
14492	14843	5
14492	15323	2
14492	11109	1
14492	10713	1
14492	14771	43
14492	11973	1
14492	14098	1
14492	12217	1
14492	14057	9
15041	10849	1
14492	10800	7
14492	12391	3
14492	12896	1
14492	13851	6
14492	14679	5
14492	14747	6
14492	14908	3
12892	11140	4
14492	14576	2
12892	14098	1
14492	12278	1
12892	15024	1
12892	13184	1
10408	11292	17
14960	10590	2
12892	10466	3
14492	14814	1
12892	11823	1
14492	14252	1
14492	15412	1
14492	13277	1
14492	12945	2
14492	11146	1
15041	14689	1
14492	13795	1
14492	12007	1
14492	13121	1
12892	10980	1
12892	14193	1
12892	11695	1
13241	15624	1
12892	10874	1
12892	10643	1
