13256	12266	2761
13256	13244	557
13256	10423	4
13256	12191	1
11471	13930	542
14952	13930	1259
13256	12206	16
13256	11298	1814
14952	10685	2
13256	14683	11
14952	11067	1
13256	10747	20
13256	14771	2
14952	15016	5
13256	14107	4
13256	14679	5
13256	15016	10
12319	11298	1
13256	11540	1
14952	14108	2
13256	12892	1
13256	11140	11
13256	13061	6
14952	11109	1
11471	13485	1
13256	15919	1
11471	11203	2
11471	10590	3
13256	12889	94
13256	11292	8
13256	12953	3
13256	15304	2
11471	13487	3
13256	14761	10
13256	12896	1
13256	14100	1
13256	12992	1
