11298	11003	1141
11298	11292	10025
11298	12264	3664
11298	13930	10505
11298	10590	3
11298	13487	5394
11298	12892	11216
11298	14570	1976
11298	14771	7283
11298	14831	3894
11298	10529	2128
11298	10721	4580
11298	10792	23
11298	11057	9687
11298	11278	6764
11298	11433	4546
11298	11618	3979
11298	11884	37
11298	12478	789
11298	12889	6562
11298	12953	6435
11298	13204	6166
11298	13796	4
11298	13891	3228
11298	14100	5903
11298	14107	9533
11298	14122	1845
11298	14321	19
11298	14747	6838
11298	14869	4993
11298	10397	13060
11298	12191	1936
11298	14683	8775
11648	12889	71
11298	10136	1361
11298	10140	4076
11298	10155	769
11298	10185	612
11298	10279	1671
11298	10423	9171
11298	10599	1429
11298	10693	4056
11298	10747	385
11298	10800	2439
11298	10821	3314
11298	10868	635
11298	10994	801
11298	11042	1667
11298	11066	2374
11298	11109	2483
11298	11140	1659
11298	11193	1980
11298	11267	1432
11298	11423	1464
11298	11503	1573
11298	11540	4076
11298	11612	418
11298	11638	1456
11298	11641	503
11298	11697	4307
11298	11775	480
11298	11778	900
11298	11973	674
11298	11986	696
11298	11995	502
11298	11996	893
11298	12012	484
11298	12094	879
11298	12173	2766
11298	12217	1176
11298	12266	6733
11298	12339	2895
11298	12448	1565
11298	12451	2392
11298	12915	391
11298	12945	613
11298	12951	726
11298	12992	2605
11298	13198	3824
11298	13244	2698
11298	13256	1797
11298	13277	644
11298	13303	5706
11298	13342	2392
11298	13367	578
11298	13377	554
11298	13485	786
11298	13495	3558
11298	13830	1475
11298	13851	4820
11298	13871	2645
11298	13931	1292
11298	14027	1835
11298	14057	2994
11298	14108	745
11298	14193	1213
11298	14262	2485
11298	14457	263
11298	14492	3281
11298	14635	2465
11298	14679	6367
11298	14685	656
11298	14730	1874
11298	14783	1480
11298	14814	1800
11298	14843	2143
11298	14893	3053
11298	14908	6441
11298	15016	4727
11298	15249	276
11298	15304	4541
11298	15370	4697
11298	15376	5325
11298	15401	579
11298	15412	856
11298	15624	1123
11298	15919	2596
11298	10781	1564
11298	11150	368
11298	11823	583
11298	12891	1046
11298	12896	2142
11298	13158	1296
11298	11921	626
11298	11982	2149
11298	12278	1992
11298	13290	814
11298	14524	1752
11298	14588	674
11298	14674	499
11298	14842	910
11298	10208	433
11298	11049	689
11298	12511	366
11298	14960	674
11298	15411	1099
11298	10685	340
11298	11905	464
11298	13502	441
11298	12441	443
11298	10980	275
11298	13061	782
11298	11233	212
11298	13422	629
11298	11067	314
11298	11259	227
11298	11977	22
11648	10620	6
11648	11292	298
11648	13486	11
11648	14747	657
11298	13232	2
11298	14307	1
11298	10713	58
11648	13487	412
11648	14869	1058
11298	10785	15
13388	12892	304
13388	14831	106
13388	14057	28
13388	12889	1
13388	14771	154
11648	12003	4
11298	10299	3
11648	15412	1
11298	10728	1
11298	11637	1
11298	14952	2
11648	13930	1
11648	11884	3
11648	13244	2
11298	13360	6
11298	10257	11
11298	15380	1
11298	12319	1
11298	12197	1
11648	10849	3
11298	13230	1
11298	10577	1
11298	10620	1
11298	12365	1
13388	10372	1
13388	13891	1
11298	12206	1
11298	10990	1
13388	14262	1
13388	14908	1
13388	14893	1
