14122	10423	4
14122	10529	132
14122	10693	7
14122	10721	1545
14122	10800	8
14122	10821	1409
14122	11259	47
14122	11292	1850
14122	11433	1721
14122	11540	2
14122	11697	881
14122	12191	35
14122	12448	3
14122	12451	32
14122	12889	1005
14122	12892	539
14122	12953	1803
14122	13198	46
14122	13204	1602
14122	13232	2038
14122	13296	2
14122	13495	24
14122	13796	14
14122	13851	33
14122	13871	4
14122	13931	9
14122	14027	75
14122	14057	47
14122	14100	3800
14122	14107	2384
14122	14307	23
14122	14492	133
14122	14570	27
14122	14635	697
14122	14679	74
14122	14683	3
14122	14771	578
14122	15016	220
14122	15304	1134
14122	11057	6560
14122	12266	2118
14122	10792	13
14122	11042	544
14122	11066	36
14122	11278	1443
14122	12478	1331
14122	13303	356
14122	13342	509
14122	13930	3928
14122	14711	7
14122	11298	1891
14122	12264	1076
14122	11618	1173
14122	13244	896
14122	10397	6496
14122	11537	2
14122	12197	3
14122	13487	1453
14122	13230	16
14122	11193	1090
14122	11823	1
14122	11252	5
14122	11624	3
14122	14986	8
14122	11146	14
14122	14576	2
14122	10874	16
14122	11267	4
14122	15096	2
15843	11292	29
14122	14524	3
14122	14574	4
14122	12339	3
14122	13367	3
14122	14869	25
14122	10994	27
14122	11577	4
14122	12365	1
14122	10434	4
14122	10868	1
14122	14747	2
14122	13485	1
14122	13891	4
14122	14730	3
14122	14831	34
14122	12397	1
14122	10140	2
14122	12441	5
14122	10135	1
14122	11423	22
14122	10599	8
14122	11973	5
14122	14193	4
14122	14685	1
14122	15412	1
14122	15070	1
14122	14843	6
14122	15376	1
14122	12217	1
14122	12945	3
14122	13433	1
14122	11898	1
