11995	12264	526
11995	13930	950
11995	14492	84
11995	10397	3874
13230	10397	1163
13230	11697	132
13230	12264	954
11995	11057	4593
11995	14100	1246
13230	11057	2855
13230	14100	1521
13230	13930	2623
13230	11278	11
11995	10529	6
11995	11278	497
11995	12953	797
11995	11433	834
13230	13577	4
13230	14122	13
13230	10434	3
13230	12953	84
13230	14711	11
11995	13139	2
11995	10994	8
11995	11618	506
11995	13931	5
11995	12266	469
11995	14524	10
11995	10135	1
13230	10577	1
11995	12339	9
11995	14685	7
11995	11193	253
13230	11618	371
11995	15249	2
13230	10821	26
13230	11433	1014
11778	11298	893
11778	13244	774
11778	13851	5
11778	15919	8
13230	11042	260
11995	10792	1
13230	11193	576
11995	13795	1
13230	15016	1
13230	13244	15
11995	11298	581
11995	13303	263
13230	14635	1
11995	11267	1
13230	12478	2
11995	10693	7
11778	15370	4
11995	11697	2
13230	12992	1
11995	11066	27
13230	12451	1
13230	10135	3
11995	10868	2
11995	12478	1
11995	15016	11
13230	14307	1
13230	10721	31
11995	12451	5
11995	12124	1
11995	13577	3
13230	14524	2
11995	14027	2
11995	10990	1
13230	14574	1
11778	12992	3
11995	14574	7
13230	14730	1
13230	11298	17
13230	13198	10
13230	13204	287
11995	14082	50
11995	14112	55
11995	14761	61
11778	14783	1
11995	10599	1
11995	12992	1
13230	11641	1
11995	12323	3
11995	10821	3
11995	13204	1
13230	13487	1
13230	14747	1
11995	10721	1
11995	13198	2
11995	13495	4
11995	14122	2
13230	15096	4
11995	10874	1
13230	12339	2
13230	15304	1
11995	11996	8
11995	15304	1
11995	10431	8
13230	12223	1
13230	13232	1
13230	11995	4
13230	13871	1
13230	14576	3
13230	10257	2
11995	14098	1
11995	10980	1
13230	12365	2
11995	11641	1
13230	10792	2
11995	15412	2
13230	14492	2
13230	13158	1
13230	10693	1
13230	10529	1
11995	15323	1
11995	11042	1
13230	11066	1
13230	14704	1
11995	14730	1
11995	11617	1
11995	10257	1
