14689	12892	2874
14689	14771	1087
14689	11292	1524
14689	14747	334
14689	14107	1387
14689	14893	5
14689	14908	15
14689	14698	11
14689	14679	15
14689	12889	3
14689	10423	4
14689	11540	11
14689	15376	6
14689	11986	10
14689	15016	3
11719	10466	67
11719	12889	82
14689	14869	1
14689	10800	8
14689	11638	3
14689	14831	4
14689	13476	2
14689	14262	6
14689	15304	1
14689	13891	7
14689	14905	2
14689	13930	1
14689	14683	2
14689	13487	1
14689	12954	1
14689	10721	1
14689	14057	1
14689	10561	2
14689	13796	1
11719	10590	3
14689	10140	1
