11066	10397	5917
11066	10721	109
11066	11433	1699
11066	11481	8
11066	12478	404
11066	12892	442
11066	12953	2173
11066	13244	956
11066	13495	35
11066	14492	163
11066	14683	40
11066	14986	12
11066	15016	920
10980	10397	2814
10980	11433	273
11066	11278	1346
11066	12264	939
11066	13930	4400
11953	10397	2030
11066	11697	604
11066	13204	1365
11066	14635	550
10980	14112	51
10980	14761	71
11066	11618	945
11066	11042	611
11066	12266	1320
11066	14100	1737
11066	15096	1
11066	13487	1510
11066	11193	77
11066	11267	56
11066	14730	21
11066	10874	15
11066	11057	3006
11066	11146	6
11066	11577	1
11066	12339	32
11066	14107	2014
11066	14685	1
11066	14771	65
10980	11057	1593
10980	13244	4
11066	15412	7
11953	12451	16
11953	13303	315
11953	15304	20
11066	10685	1
11066	15304	859
11066	11298	2314
10980	11298	250
11066	13303	493
10980	13930	384
11953	11057	1185
11066	11292	1453
11066	13342	106
11066	13891	21
11066	14027	1
10980	11278	160
11066	10599	8
11066	12217	4
11066	10408	6
11066	10821	1433
11066	13076	2
11066	14711	4
11953	13204	21
11066	11823	2
11066	14122	28
11066	14057	4
11066	14307	4
11066	12448	1
11066	13931	12
11066	14131	1
10980	15412	26
11953	14635	2
11953	15249	5
11953	14986	2
11066	12451	73
11066	14321	22
11953	11697	9
11066	10785	12
11066	13198	427
10980	10693	17
11066	11995	11
11066	13296	25
11066	13871	13
11066	12945	4
10980	11996	2
11953	14027	7
11953	14492	2
11066	11986	2
11066	10693	1076
11066	10257	5
11066	14747	28
11066	10434	1
10980	14730	1
10980	12217	2
11953	10431	2
10980	15323	2
10980	14492	1
10980	10868	1
10980	10599	5
10980	14635	2
11953	11252	1
10980	10431	1
11066	13232	2556
11066	10140	9
11066	10423	38
11066	12191	145
11066	10529	20
11066	12889	861
11066	10800	15
11066	11259	8
11066	11540	11
11066	13796	23
11066	13851	4
11066	14570	17
11066	14679	13
11066	14893	4
11066	10792	2
11066	14908	10
11066	10469	1
10980	15304	1
11066	15295	2
11066	14869	13
10980	10208	2
11953	10423	1
10980	13204	1
11066	14524	3
11953	14685	2
11066	10994	2
11953	10868	1
10980	15370	1
11066	11109	1
10980	11193	1
10980	14321	1
11066	11624	6
11066	14193	4
11066	11637	1
11066	12223	1
10980	11066	1
11953	15624	1
10980	12992	1
11953	10874	1
11066	12391	1
11066	14831	2
