10257	11042	698
10257	11618	691
10257	12264	1258
10257	13930	1602
10257	13490	30
12264	11278	862
12264	14492	1855
10257	10721	174
10257	11057	2029
10257	12953	255
12264	10721	3717
12264	12478	1733
12264	12892	7293
12264	14679	2042
12264	14771	6082
10257	10423	25
10257	10821	2199
10257	11697	489
10257	13232	1261
12264	12191	101
10257	12889	635
10257	10529	17
10257	13204	812
12264	13232	2682
12264	11259	22
12264	11292	7589
10257	11433	1473
12264	10821	296
12264	12953	1502
12264	13198	818
10257	10800	16
10257	15304	461
12264	12992	18
10257	12391	2
10257	14100	1462
10257	14027	49
12264	14057	778
12264	14107	768
12264	14747	2241
10257	14831	3
12264	15016	665
10257	10599	29
12264	10135	676
12264	10140	423
12264	10257	1160
12264	10397	5796
12264	10423	691
12264	10693	620
12264	10868	591
12264	10990	611
12264	10994	1015
12264	11042	834
12264	11057	3729
12264	11066	980
12264	11109	288
12264	11146	470
12264	11193	660
12264	11267	766
12264	11298	3577
12264	11433	1600
12264	11995	598
12264	11996	504
12264	12217	211
12264	12266	1689
12264	12339	1214
12264	12451	1101
12264	12889	1679
12264	13204	3839
12264	13282	206
12264	13303	1582
12264	13495	1050
12264	13830	19
12264	13851	227
12264	13930	3231
12264	13931	1305
12264	14122	1203
12264	14193	369
12264	14524	1041
12264	14574	417
12264	14683	878
12264	14685	802
12264	14843	1889
12264	14893	727
12264	15024	512
12264	15304	1746
12264	10529	1831
12264	10577	684
12264	10785	929
12264	10792	1140
12264	11618	748
12264	12197	447
12264	13230	1060
12264	13296	452
12264	14100	1060
12264	14307	1192
12264	14321	817
12264	14576	1203
12264	14711	668
12264	14802	252
12264	15096	1204
12264	15412	401
10257	14307	3
12264	14098	8
12264	10322	83
12264	11027	114
10257	10361	69
10257	10792	7
10257	11278	792
10257	13296	8
10257	15096	15
12264	12559	155
10257	10397	1472
10257	13487	385
12264	13487	1005
15070	11433	825
12264	14869	674
15070	10397	597
15070	14100	876
10257	12478	195
12184	10299	94
12264	13891	4
12264	13796	211
10257	13832	18
10257	12197	5
10257	11624	1
10257	11995	4
10257	12323	10
10257	12339	14
10257	14685	8
15070	11618	10
15070	10257	4
15070	10821	2
15070	12953	11
12264	10654	33
12264	12173	8
10257	10785	8
12264	11697	700
12264	12954	356
12264	13342	3
12264	14635	1
10257	11292	46
10257	14679	2
10257	12451	33
12264	14908	14
12264	15919	5
15070	11697	233
15070	13204	371
12264	10620	3
12264	10849	1
10257	11298	11
15070	14027	1
10257	10135	2
15070	12197	2
10257	12266	1
15070	12478	3
10257	14576	2
12264	12323	1
10257	11823	2
12264	11986	1
12264	15376	3
12264	11641	1
12264	12884	1
12264	13244	4
10257	10434	1
12264	15370	1
10257	15070	4
15070	14307	2
10257	10994	1
12264	10434	1
10257	13230	3
10257	14025	1
15070	10529	3
10257	14122	2
10257	11537	2
15070	10721	3
12264	14730	2
12264	13485	1
15070	12451	1
12264	10372	10
12264	14457	1
10257	14730	1
10257	10577	1
12264	10431	1
10257	14107	46
10257	14635	1
10257	10279	1
10257	10140	18
12264	10279	1
12264	10599	22
10257	13796	32
10257	12191	13
12264	12448	4
10257	13931	15
10257	14492	13
12264	14570	4
10257	14683	14
12264	11423	1
12264	11540	1
10257	13342	1
15070	14696	1
12264	13871	1
12184	10170	1
12264	14831	1
12264	13486	2
10257	13198	2
10257	10693	3
10257	11481	1
10257	13495	3
10257	14570	7
10257	14771	5
10257	14869	2
10257	14908	1
12264	10800	2
