11884	11292	3815
11884	11298	57
11884	14057	1752
11884	14747	5308
10141	13487	424
11884	13487	1517
11884	14869	2706
11884	14252	10
11884	13230	1
11884	14771	587
11884	14107	1196
11884	12892	74
11884	13127	9
11884	12003	1
11884	11470	2
11884	11648	2
11884	13198	78
11884	12266	10
11884	11278	45
11884	10620	2
11884	13930	30
10141	10409	1
11884	11618	4
11884	11193	14
11884	12889	1155
11884	10713	396
11884	10800	68
11884	14570	203
11884	14831	15
11884	14893	82
11884	14908	2
11884	13796	954
11884	11433	17
11884	13891	66
11884	14679	120
11884	14122	5
11884	13486	5
11884	13232	7
11884	10693	18
14512	10466	73
11884	10590	2
14512	10590	3
14512	13367	1
14512	12889	52
14512	14112	90
14512	14761	94
11884	10821	3
10141	11775	1
11884	10140	29
11884	11259	4
11884	12191	5
11884	12339	2
11884	13204	22
11884	13495	2
11884	13851	3
11884	14100	9
11884	14683	5
11884	15016	34
11884	15304	1
11884	15370	3
11884	10721	5
11884	12278	1
11884	10397	2
11884	14303	5
11884	10275	1
11884	10849	2
11884	16101	1
11884	11066	1
11884	10372	1
11884	14487	1
