12758	12173	4398
12758	12982	203
12758	13830	1254
14027	10721	859
14027	11618	2603
14027	12197	1176
14027	12478	1434
14027	12953	1539
14027	13930	1941
14027	14492	22
14027	14843	3
14027	15070	9
14027	10529	545
14027	10785	4
14027	12264	4
14027	14524	5
14027	10397	10008
14027	11042	498
14027	11057	4948
14027	11697	643
14027	12451	57
14027	13204	345
14027	14100	2290
14027	14635	142
14027	10994	2
14027	11252	7
14027	11278	1588
14027	11624	16
14027	12266	2104
14027	13303	263
14027	13487	16
14027	14122	105
14027	14679	4
14027	14685	2
14027	15304	1827
14027	11298	1636
14027	13244	6
14027	13871	1
10868	10397	3100
14027	11433	1798
14027	13360	13
14027	14747	8
14027	14986	20
12758	12892	3225
12758	14057	496
14027	11481	2
14027	13495	10
10868	10431	1
10868	11057	1885
10868	11278	360
10868	11995	7
10868	13577	8
10868	14492	18
10868	14524	7
10868	10994	25
10868	12264	574
10868	13930	485
12758	11292	205
12758	14107	1088
12758	14771	1944
12758	12402	154
12758	13930	212
12758	14831	293
10868	11699	2
14027	10821	2146
14027	11953	4
14027	12889	40
10868	12266	307
10868	11298	628
12335	11433	110
12343	13487	200
10868	11433	265
12335	13487	101
10868	14100	487
10868	14574	1
10868	10208	16
12758	13347	1
10868	11641	3
14027	10257	49
10868	12953	169
10868	11066	1
10868	15016	1
14027	14869	1
10868	15304	2
14027	14307	6
10868	13204	1
10868	12323	1
10868	15412	5
12758	14747	1128
12758	13796	281
10868	12945	1
14027	10158	275
12758	13034	1
10868	15607	1
10868	11193	1
10868	10529	2
10868	11996	17
10868	11146	1
10868	14685	7
10868	13931	3
14027	14107	10
14027	15016	45
10868	11618	1
14027	10693	93
14027	10599	20
14027	10792	16
14027	12391	584
14027	11066	55
14027	12191	21
14027	11259	2
14027	11292	23
14027	12339	14
14027	13198	15
14027	13232	47
14027	13296	41
14027	13342	5
14027	13931	5
14027	12992	3
14027	10140	11
14027	14683	5
14027	15096	1
12343	10590	2
10868	12451	1
10868	12896	1
14027	10208	1
14027	10423	2
14027	11638	1
14027	15024	3
14027	15249	2
10868	14098	3
10868	12892	1
12758	12492	1
14027	12954	1
14027	10874	1
14027	11721	1
14027	14098	1
14027	14576	2
12343	10631	1
14027	10731	1
14027	14262	1
14027	14783	1
14027	11423	1
14027	14321	4
12758	14262	1
14027	14730	1
10868	11953	2
10868	10599	1
10868	12478	1
10868	10821	1
12335	11977	1
14027	12892	1
