15016	10140	434
15016	10257	2
15016	10423	212
15016	10529	80
15016	10599	493
15016	10693	1108
15016	10713	14
15016	10721	709
15016	10792	32
15016	10800	6
15016	10821	1779
15016	10994	50
15016	11042	764
15016	11066	971
15016	11140	8
15016	11259	2590
15016	11292	5113
15016	11433	3277
15016	11481	8
15016	11540	75
15016	11618	819
15016	11697	641
15016	11884	4
15016	12191	1665
15016	12206	18
15016	12264	558
15016	12451	15
15016	12889	1398
15016	12892	2244
15016	12896	9
15016	12953	1678
15016	12992	858
15016	13158	8
15016	13198	2040
15016	13204	2064
15016	13232	2940
15016	13296	21
15016	13342	481
15016	13487	3192
15016	13495	599
15016	13796	84
15016	13851	749
15016	13871	1055
15016	13891	51
15016	14027	84
15016	14057	21
15016	14100	2141
15016	14107	3213
15016	14122	227
15016	14307	30
15016	14492	933
15016	14570	48
15016	14635	716
15016	14679	643
15016	14683	367
15016	14730	896
15016	14747	1118
15016	14771	517
15016	14831	41
15016	14869	1927
15016	14893	119
15016	14908	77
15016	15304	1068
15016	15370	743
15016	15376	39
15016	11057	3240
15016	10397	5860
15016	10620	1
15016	10967	50
15016	11278	1103
15016	12266	1270
15016	13244	1285
15016	13543	91
15016	13930	5750
15016	15454	84
15016	15138	163
15016	11003	1
15016	12339	37
15016	11298	4739
15016	14783	13
15016	13303	1158
15016	14524	3
15016	11995	20
15016	12375	36
15016	11612	5
15016	13485	1
15016	10685	5
15016	11267	2
15016	11423	6
15016	11193	811
11337	13930	598
11337	13487	1366
15016	14576	2
15016	12323	13
15016	14685	7
11337	11433	464
15016	13367	9
15016	10408	1
15016	11146	1
15016	12478	219
15016	14108	3
15016	14952	3
15016	15295	1
15016	15919	2
15016	13230	12
15016	10643	1
15016	11111	14
15016	12945	1
15016	11067	2
15016	11778	1
11337	12129	3
11337	11637	2
15016	15096	3
15016	11996	1
15016	12278	4
15016	11109	2
15016	13577	3
15016	10874	1
15016	11648	4
11337	10739	1
15016	10781	1
15016	10434	1
15016	11823	2
11337	15381	1
11337	12889	45
11337	14761	55
11337	13342	1
15016	13931	1
15016	14321	1
11337	11042	6
11337	10590	3
