10529	10397	3863
10529	10423	11
10529	11193	991
10529	11433	2060
10529	11540	3
10529	11697	1283
10529	13204	1578
10529	13487	1737
10529	14027	606
10529	14635	447
10529	14679	66
10529	14747	1
10529	14771	11
10529	15304	1030
11823	11193	514
15454	15016	70
10529	11278	1698
10529	12264	1932
11823	14112	79
11823	14761	88
10529	11298	2117
11823	13930	1878
10529	13930	3407
10529	13303	745
10529	14843	493
10529	11618	505
10529	11042	494
10529	12953	198
10529	14307	34
10529	11057	3886
10529	14107	48
11823	11433	1333
10529	14100	2479
10529	14492	254
10529	12478	176
11823	10397	590
10529	10821	2758
11076	13930	680
11823	11298	558
10529	13360	1
10529	15016	86
10529	10693	518
10529	13485	6
11823	13244	3
11823	15412	1
10529	12892	45
10529	13495	27
10529	14122	135
10529	10721	127
10529	12197	19
10529	12244	8
10529	11292	727
10529	13232	1224
10529	10257	24
10529	11066	20
10529	13296	18
10529	13198	58
10529	11481	6
10529	12191	89
10529	12339	27
10529	12889	609
10529	13796	41
10529	10140	16
10529	15376	33
10529	10785	12
10529	14576	3
10529	10792	28
10529	11995	13
10529	12217	12
10529	12266	61
11823	12339	13
10529	14524	3
10529	11986	1
10529	13342	63
11823	11986	4
11823	11066	3
10529	14057	8
10529	10135	1
10529	10581	3
11823	10685	1
10529	14321	6
11823	13232	2
10529	10599	12
10529	10800	9
10529	11259	1
10529	11996	5
10529	12206	1
10529	12451	27
10529	13851	3
10529	14730	23
10529	14831	5
10529	14893	5
10529	14908	3
10529	15070	2
10529	15096	3
10529	10434	3
11823	13487	1
11823	11042	2
10529	14711	1
10529	13230	3
10529	13871	4
11823	11267	3
10529	10994	1
11823	14696	4
10529	11537	1
11823	14492	1
11076	13459	1
11076	11986	1
10529	15249	1
10529	12391	1
10529	13577	1
10529	13931	1
11823	13184	1
10529	14683	2
10529	12397	1
10529	10849	2
11823	11721	1
10529	11977	3
