15096	13930	2751
15096	11057	2169
15096	12264	1188
15096	12478	2304
15096	12953	253
15096	14100	2006
15096	10721	306
15096	11278	1400
15096	12397	20
15096	12339	2
15096	10792	16
15096	11252	7
15096	11042	370
15096	10257	16
15096	10397	1464
14814	10397	957
14814	13244	675
15096	11433	1463
15096	11193	546
14814	13495	11
15096	14307	2
15096	13198	15
15096	14576	32
15096	13931	1
14814	12266	759
14814	11540	1
14814	11298	1878
15096	11618	590
15096	10577	6
10414	10721	47
14814	10781	7
14814	12915	1
14814	12992	7
14814	13422	1
14814	13377	7
14814	10423	3
15096	14524	1
15096	15016	2
15096	13204	424
15096	14107	2
15096	14771	1
14814	10693	1
15096	11995	7
15096	10361	1
15096	15070	2
14814	12278	1
14814	14683	2
15096	13487	8
15096	10994	8
15096	13495	1
15096	14492	3
15096	14730	26
15096	10785	3
14814	12889	75
15096	10529	4
15096	13230	2
15096	11298	13
14814	10599	1
14814	12448	2
15096	10821	1
15096	13342	2
14814	10185	3
15096	12889	1
14814	10994	1
15096	10693	17
15096	14122	3
15096	13296	2
15096	11537	2
15096	12323	1
14814	15370	1
15096	11577	1
15096	15304	8
15096	12197	1
15096	14843	1
15096	12451	5
15096	14027	46
15096	12945	1
14814	13930	1
15096	14057	1
15096	10434	1
15096	14685	1
