12266	10423	5503
12266	11292	6705
12266	13256	2720
12266	14107	7786
12266	14869	3330
12266	11057	7726
12266	12892	5630
12266	14027	2180
12266	14100	3951
12266	14771	5137
12266	10397	5732
12266	10599	1230
12266	10747	1258
12266	10821	1799
12266	11298	6584
12266	11415	189
12266	11697	3926
12266	11973	1075
12266	12339	1678
12266	12451	1384
12266	12478	145
12266	13495	6010
12266	14683	5896
12266	15016	1178
12266	15370	1913
12266	14635	2148
12266	10140	1541
12266	10185	807
12266	10431	258
12266	10693	1339
12266	10721	2328
12266	10781	1897
12266	10994	604
12266	11042	3583
12266	11066	1307
12266	11140	2119
12266	11193	1221
12266	11259	1421
12266	11278	2539
12266	11433	2976
12266	11618	4561
12266	11982	825
12266	11986	443
12266	11995	466
12266	12173	1604
12266	12217	597
12266	12264	1750
12266	12278	847
12266	12448	1145
12266	12915	882
12266	12951	1893
12266	12953	3102
12266	13061	605
12266	13198	2082
12266	13204	4693
12266	13244	1616
12266	13303	3364
12266	13342	1022
12266	13422	937
12266	13851	2025
12266	13930	5705
12266	13931	538
12266	14122	2097
12266	14193	1136
12266	14492	1923
12266	14524	536
12266	14685	526
12266	14730	899
12266	14747	3933
12266	14814	783
12266	14843	978
12266	15304	3457
12266	15412	608
12266	15624	611
12266	15919	520
12266	10279	634
12266	11109	1351
12266	11267	451
12266	11540	1369
12266	11996	466
12266	12889	5183
12266	12896	724
12266	12945	317
12266	13158	1265
12266	13487	2562
12266	13502	432
12266	13871	1542
12266	13891	2212
12266	14057	2076
12266	14679	5213
12266	14831	1966
12266	14893	2401
12266	14908	3189
12266	10299	573
12266	11049	754
12266	11146	218
12266	11423	432
12266	12206	1256
12266	13377	372
12266	15376	1543
12266	10155	336
12266	10372	248
12266	10728	299
12266	12012	367
12266	12016	269
12266	14570	382
12266	15411	463
12266	10868	306
12266	11503	526
12266	12094	491
12266	12992	1057
12266	13830	114
12266	15569	93
13502	10397	409
13502	11292	1130
13502	12266	491
13502	13930	469
12266	12191	236
12156	14869	762
12156	13487	362
12156	10620	8
12156	10849	14
12266	10529	40
13502	15177	14
13502	12892	70
12156	11292	460
12902	11292	60
12266	11884	13
12156	14747	253
12266	14307	9
12266	14576	1
12266	12156	3
12266	10135	1
13502	11298	464
12266	11638	1
12266	13232	2
13502	11618	92
12266	10800	36
13502	12012	5
12156	12003	9
12156	11618	2
13502	11921	8
13502	12889	1
12266	10590	1
12266	10792	1
12156	10713	1
13502	10372	6
13502	14107	2
12156	13486	6
12156	11648	1
12156	10779	4
12156	11921	4
12266	10208	2
12266	10561	5
13502	11413	3
13502	10140	1
12266	14098	1
12266	11775	3
12266	13241	1
12902	12266	1
13502	14869	1
