15376	10140	636
15376	10529	12
15376	10599	6
15376	10693	31
15376	10721	8
15376	10821	39
15376	11042	16
15376	11259	22
15376	11292	4296
15376	11481	1
15376	11697	11
15376	11884	16
15376	12191	45
15376	12264	1
15376	12889	2280
15376	12892	2166
15376	13198	15
15376	13204	15
15376	13232	1298
15376	13296	22
15376	13487	600
15376	13495	13
15376	13796	204
15376	13851	5
15376	14057	51
15376	14100	17
15376	14107	5008
15376	14307	44
15376	14570	5
15376	14635	8
15376	14679	1054
15376	14747	639
15376	14771	483
15376	14831	241
15376	14869	970
15376	14893	145
15376	14908	108
15376	15016	31
15376	15304	2
11197	10140	24
15376	11298	5069
15376	12266	1518
12402	12173	2206
15376	13930	1257
13277	13244	667
13277	11298	641
13277	10397	1692
13277	13342	1
12402	13830	327
12402	12758	245
13277	11057	608
15376	10397	1731
12402	12892	1
12402	12982	16
15376	14492	1
14875	10721	17
15376	10423	13
15376	10561	13
15376	10800	5
15376	11638	32
15376	13244	3
15376	13891	7
15376	14262	8
15376	14689	14
15376	13342	129
13277	10599	17
13277	13422	10
13277	15249	1
15376	11540	6
13277	12266	2
15376	13476	1
13277	13377	2
13277	11308	7
13277	11973	3
13277	14193	5
15376	14683	4
15376	11057	12
15376	11618	11
15376	11695	2
15376	12953	26
13277	15304	1
13277	12448	3
15376	14027	1
15376	11921	1
13277	14685	1
13277	12217	4
15376	12094	1
13277	11481	2
12402	14771	1
15376	16218	4
15376	11109	1
15376	12954	1
15376	13502	3
13277	13495	2
15376	13485	1
13277	13204	3
15376	13871	2
15376	11278	1
15376	10713	1
15376	13931	2
15376	11977	2
12402	12492	1
15376	13256	1
13277	13198	1
13277	15624	1
13277	10980	1
13277	12451	1
