10423	11292	4744
10423	12264	698
10423	13930	3045
10423	10721	283
10423	11298	8935
10423	11697	875
10423	12478	1052
10423	12954	422
10423	13204	1197
10423	14771	973
10423	12892	2453
10423	10397	3497
10423	11618	950
10423	12266	5586
10423	12889	1394
10423	13198	303
10423	13244	1159
10423	13303	4
10423	14683	223
10423	14747	640
10423	15376	10
10423	10140	294
10423	11057	1594
10423	11140	16
10423	11259	3052
10423	11982	23
10423	12953	37
10423	13487	1127
10423	14107	3409
10423	14831	1316
10423	11433	1136
10423	12191	2199
10423	14869	1223
10423	11540	1027
10423	12896	572
10423	13851	78
10423	13495	172
12323	10397	1634
12323	11057	4159
12323	13795	18
12323	14492	25
10423	10693	989
10423	14679	879
10423	13342	133
10423	14524	27
10423	14893	94
12323	11641	5
10423	11921	1
12323	11278	20
12323	14100	916
10423	11193	9
12323	10994	8
12323	11193	11
12323	12953	395
12323	13577	9
10423	14698	16
12323	14574	2
12323	10821	8
12323	11699	6
12323	11617	8
12323	11995	4
12323	13487	8
12323	11996	2
10423	11049	4
10423	12339	46
10423	14027	2
10423	10155	1
10423	14685	6
13375	12156	1
10423	14262	2
10423	14057	310
10423	13158	124
13375	12003	1
10423	15016	87
13375	11292	10
10423	10713	19
12323	14524	2
12323	14685	1
10423	10800	120
12323	10868	2
12323	11042	7
12323	13931	1
12323	11577	1
10423	12451	106
12323	10431	1
10423	13931	13
12323	14092	2
10423	10257	56
10423	10821	1166
10423	13232	907
10423	10279	119
10423	12206	260
10423	15304	515
10423	10529	10
10423	10599	14
10423	13796	448
10423	10792	2
10423	12992	134
10423	11042	21
10423	11066	4
10423	11884	1
10423	12391	9
10423	14100	153
10423	14492	60
10423	14122	5
10423	14307	22
10423	14570	6
10423	14730	6
10423	14908	10
10423	15370	35
10423	13891	21
10423	13230	1
10423	13296	3
10423	13871	2
12323	14761	61
10423	14576	8
10423	14689	1
12323	10423	8
12323	10721	1
10423	13256	12
10423	10781	2
10423	14674	1
10423	10849	1
12323	13264	1
12323	15624	1
12323	11973	1
12323	12992	4
12323	14730	5
10423	12448	3
10423	12156	1
10423	10747	2
10423	12217	6
10423	10136	1
10423	14842	1
12323	10208	2
10423	12441	1
10423	11278	1
10423	11109	1
