13891	10397	981
13891	14869	1559
13891	12266	2265
13891	12892	240
13891	14679	115
13891	12889	2817
13891	14747	1497
13891	13388	2
13891	13796	1409
13891	14057	935
13891	14107	6161
13891	11292	3609
13891	14771	1260
13891	14893	926
13891	11298	3060
13891	14262	93
13891	14908	181
13891	14831	828
13891	11433	6
13891	13487	39
13891	13871	96
13891	10140	83
13891	10423	35
13891	10599	32
13891	10693	84
13891	10713	62
13891	10792	23
13891	10821	3
13891	11259	62
13891	11540	37
13891	11884	79
13891	12191	4
13891	12339	50
13891	12992	26
13891	13198	71
13891	13204	18
13891	13232	858
13891	13296	28
13891	13495	3
13891	13851	16
13891	13931	1
13891	14492	6
13891	14570	76
13891	14683	28
13891	14730	1
13891	15016	83
13891	15304	22
13891	15370	29
13891	15376	38
13891	12264	2
13891	11066	3
13891	10800	55
13891	14689	4
13891	14122	12
13891	12954	16
13891	11711	1
13891	13930	5
13891	14100	4
13891	14698	2
13891	15601	2
13891	11109	1
13891	11638	6
13891	14252	11
13891	14489	7
13891	10561	2
13891	13360	1
13891	13264	1
13891	11267	1
13891	16218	1
