14893	10140	123
14893	10423	170
14893	10599	1
14893	10693	176
14893	10713	303
14893	10721	17
14893	10792	3
14893	10800	820
14893	10821	75
14893	10994	3
14893	11042	16
14893	11259	78
14893	11292	6309
14893	11540	105
14893	11697	73
14893	11884	131
14893	12191	121
14893	12339	8
14893	12391	3
14893	12889	2665
14893	12892	2541
14893	12896	7
14893	12992	17
14893	13198	121
14893	13204	114
14893	13232	907
14893	13296	7
14893	13342	10
14893	13487	1486
14893	13495	11
14893	13796	138
14893	13851	18
14893	13871	25
14893	13891	1085
14893	13931	10
14893	14057	2113
14893	14100	10
14893	14107	4771
14893	14122	25
14893	14307	8
14893	14492	42
14893	14679	1659
14893	14683	42
14893	14730	10
14893	14747	2441
14893	14869	2072
14893	14908	886
14893	15016	103
14893	15304	31
14893	15370	27
14893	15376	102
11721	11042	368
14576	12264	1210
14893	10157	195
14893	11638	30
14893	12953	1
14893	13830	567
14893	13930	1488
14893	14570	57
14893	14771	1629
14893	14831	162
14576	11042	604
14576	11618	1055
14576	14100	1394
14576	15096	34
14576	10792	49
14576	13930	3123
14576	10721	476
14576	12953	442
14576	13487	360
14576	10397	3768
14576	11433	1378
11721	11433	1282
11721	11697	1
11721	13487	483
14576	10257	15
14576	12478	1918
10372	11292	5318
12016	12173	757
10372	13930	1102
11503	11292	2432
12016	12266	239
10372	14771	267
11721	13930	829
14576	11193	1
14893	11298	2887
11721	13342	110
10372	12892	517
14893	12266	2431
14576	14771	20
12016	14955	159
14893	10397	1620
11503	11298	1599
14893	12264	785
11503	12266	602
14893	11066	11
10372	12266	246
11503	11618	292
14576	11057	787
14576	11278	882
14576	10994	4
14576	13577	2
14576	14986	4
11721	10397	3774
11503	12094	10
11503	12892	352
11503	13930	734
14893	14689	4
11503	10372	36
11503	11109	3
11503	12478	461
11503	12953	94
11503	13303	390
11503	14771	2
11503	10800	1
11503	12889	2
11503	10140	1
11721	11823	2
14893	12173	998
14893	14262	197
14893	15023	3
11503	10397	755
10372	11503	29
14893	10666	1
14893	11433	25
14576	10821	913
11721	14635	330
11721	13204	464
14576	13204	503
14576	15016	2
14576	14635	192
11721	15304	347
14576	15304	436
10372	12889	2
11721	10590	1
14893	10590	1
14893	11618	10
14576	14122	4
14893	10930	12
10372	14747	2
14893	14252	1
14893	11278	19
14893	12478	252
14893	12954	450
12016	14683	3
14576	14685	1
11503	14869	2
11503	11921	3
11503	13487	83
11721	10792	1
14893	10469	1
14893	13264	1
14893	13476	4
11721	11986	9
10372	12264	14
10372	13502	1
10372	14107	3
10372	11921	2
14893	10529	1
14893	10561	4
14576	13485	1
14893	14698	2
14893	13485	22
11721	11066	1
14576	13296	1
14576	12397	3
14576	15919	1
14576	10529	1
11721	15295	1
14576	10577	3
14576	11066	1
10372	13342	2
14893	13486	6
10372	14689	1
11503	14679	1
10372	11298	1
10372	14869	1
10372	10713	1
11503	13502	1
10372	10140	1
14576	13230	4
14576	14107	1
14576	12197	1
14893	14524	1
14576	11577	1
14893	13158	2
10372	11066	1
14576	12266	1
14893	14635	3
14576	11292	1
14576	14321	2
11721	10469	1
14893	14487	2
11503	15016	2
11721	13184	3
11721	13871	1
10372	14081	1
11503	11193	1
14576	11537	2
14576	10990	1
11721	11298	1
12016	12278	1
14893	11002	1
11721	12335	1
14893	12003	1
11721	14122	1
14576	11298	1
14576	12451	1
