11292	10423	4671
11292	10693	4230
11292	10713	3556
11292	11003	1068
11292	11193	1491
11292	11267	1543
11292	11433	6263
11292	11986	1188
11292	12264	6462
11292	13198	7179
11292	13367	1031
11292	13485	1643
11292	13495	3895
11292	13851	4068
11292	13871	6080
11292	13930	10678
11292	14683	3557
11292	15016	4743
11292	15370	2584
11292	10140	4609
11292	10372	4834
11292	10620	2489
11292	10849	2698
11292	11109	5379
11292	11413	2398
11292	14869	11533
11292	10721	3821
11292	11298	10070
11292	12478	797
11292	12954	503
11292	12266	6678
11292	10627	959
11292	10800	767
11292	10821	4296
11292	11042	1907
11292	11057	4958
11292	11233	232
11292	11423	2879
11292	11468	145
11292	11503	2398
11292	11603	768
11292	11618	3133
11292	11637	1230
11292	11638	948
11292	11648	306
11292	11856	13
11292	11865	577
11292	11867	163
11292	11884	3925
11292	11921	1530
11292	12012	673
11292	12094	2066
11292	12173	1663
11292	12280	659
11292	12339	3954
11292	12389	323
11292	12441	1457
11292	12758	254
11292	12889	11130
11292	12892	11889
11292	12953	5186
11292	12982	311
11292	13200	32
11292	13244	1556
11292	13342	4209
11292	13486	859
11292	13487	10748
11292	13502	1167
11292	13796	2848
11292	13830	878
11292	13891	3665
11292	14057	7875
11292	14107	12857
11292	14252	966
11292	14262	1522
11292	14288	121
11292	14457	1371
11292	14570	3241
11292	14679	8669
11292	14689	1607
11292	14747	9928
11292	14771	10824
11292	14831	4028
11292	14893	6512
11292	14908	6078
11292	15177	169
11292	15376	4436
11292	15412	336
11292	10397	9724
11292	11097	227
11292	11122	890
11292	11278	2538
11292	11540	1035
11292	11697	2920
11292	11980	114
11292	13029	857
11292	13158	597
11292	13204	6574
11292	13264	407
11292	13303	2046
11292	13476	342
11292	14100	5395
11292	14122	1726
11292	14489	342
11292	14812	149
11292	15304	3907
11292	15843	29
11292	12278	2995
11292	10561	337
11292	11283	54
11292	11315	201
11292	11711	151
11292	11775	1499
11292	12003	584
11292	12156	444
11292	12191	3170
11292	12255	109
11292	12888	113
11292	12899	99
11292	12902	70
11292	12992	901
11292	13433	611
11292	14120	44
11292	14534	190
11292	14543	424
11292	15582	48
11292	15919	405
11292	10599	445
11292	11066	1359
11292	12217	499
11292	14730	1129
11292	14783	499
11292	12197	1
11292	13232	4619
11292	14635	424
11292	12884	1
11292	11879	5
11292	14098	253
11292	14108	308
11292	14745	17
11292	14492	679
11292	10272	77
11292	11092	22
11292	14237	13
11292	10558	120
11292	15096	40
11292	10408	14
11292	10950	50
11292	14081	10
11292	12245	7
11292	13375	12
11292	10643	229
11292	14321	1
11292	10529	707
11292	12185	21
11292	10221	12
11292	10925	20
11292	10874	902
11292	11641	1
11292	10785	3
11292	13128	3
11292	10279	719
11292	10257	54
11292	11259	1000
11292	13296	52
11292	10792	39
11292	11140	17
11292	11996	23
11292	12451	53
11292	12206	28
11292	12391	40
11292	12448	5
11292	12896	8
11292	14307	17
11292	11695	2
11292	13256	13
11292	10590	3
11292	11481	2
11292	10135	1
11292	10868	1
11292	11612	1
11292	12945	1
11292	13931	3
11292	14112	1
11292	11721	1
11292	10299	1
