13244	14730	784
13244	10397	6831
13244	10599	928
13244	10721	1298
13244	10821	1402
13244	11057	4264
13244	11278	1357
13244	11298	2715
13244	11433	2415
13244	11481	807
13244	11697	1452
13244	11884	8
13244	12264	25
13244	12266	1698
13244	12451	1004
13244	12889	2189
13244	12892	2652
13244	12953	1642
13244	12992	1326
13244	13198	1174
13244	13204	2451
13244	13303	1497
13244	13342	1009
13244	13487	3130
13244	13495	1768
13244	13930	2652
13244	14107	2532
13244	14193	1008
13244	14679	5
13244	14683	1000
13244	14685	9
13244	14747	670
13244	14783	489
13244	14869	1739
13244	15016	1294
13244	15304	1342
13244	10693	1084
13244	10781	580
13244	11042	775
13244	11292	1598
13244	11423	962
13244	11612	143
13244	11618	767
13244	11973	922
13244	12007	359
13244	12217	722
13244	12448	1009
13244	12945	547
13244	12951	596
13244	13256	577
13244	13277	680
13244	13367	221
13244	13377	467
13244	13422	775
13244	13485	349
13244	13851	1037
13244	13871	1005
13244	14100	1202
13244	14492	1020
13244	14814	670
13244	15370	799
13244	15624	743
13244	15919	758
14842	11298	927
13244	12278	605
13244	12339	1093
11415	12266	192
13244	14122	967
13244	10423	1129
13244	11066	954
13244	14635	443
13244	11259	626
13244	11193	944
13244	11986	590
13244	15412	845
13244	11778	797
13244	11111	831
13244	10279	355
13244	13931	20
13244	12478	7
13244	15374	273
13244	14109	320
13244	12896	661
13244	15376	14
13244	14027	1
13244	11931	133
13244	15249	4
14842	10590	2
13244	11540	7
13244	13891	16
13244	14570	6
13244	11995	5
13244	14262	13
13244	14986	1
13244	10685	1
13244	11641	1
13244	15323	2
13244	10980	3
13244	13230	1
14842	10136	3
14842	13158	3
14842	14683	1
11415	14683	1
13244	10990	1
13244	10431	3
13244	12197	1
13244	11996	1
13244	11531	1
14842	10279	1
14842	14107	1
14842	14588	1
14842	12896	1
13244	10155	1
13244	10140	1
13244	14771	1
14842	14771	1
