12278	10590	2
12278	11292	2970
12278	10466	106
12278	12889	117
12278	12892	68
12278	11298	1997
12278	12266	773
12278	13198	41
12278	13930	1710
12278	15016	4
12278	13851	14
12278	10397	2874
12278	13487	654
12278	13244	613
12278	11612	1
12278	13871	5
12278	13290	3
12278	15370	13
12278	10868	1
12278	14869	1
12278	10693	4
12278	14679	12
12278	15376	8
12278	11433	4
12278	11267	1
12278	12339	1
12278	11540	2
12278	12094	1
12278	14747	3
12278	14783	2
12278	11778	1
12278	11481	1
12278	11109	1
12278	12511	1
12278	14771	1
12278	10620	1
12278	10781	1
12278	11995	1
12278	14683	1
12278	10994	1
12278	12451	1
12278	10821	1
