12954	10666	71
12954	11109	63
12954	12280	69
12954	12889	823
12954	11697	427
12954	12264	373
12954	13796	558
12954	14027	1
12954	14747	1025
12954	14771	640
12954	14869	1556
12954	14893	403
12954	10721	312
12954	11298	2
12954	12478	726
12954	14057	430
12954	10423	353
12954	11618	1
12954	13930	297
12954	14107	1421
12954	12892	93
12954	13891	21
12954	14679	19
12954	14908	68
12954	10800	5
12954	13303	1
12954	14262	3
12954	14831	3
12954	11292	492
12954	11540	17
12954	15376	14
12954	14683	20
12954	13388	1
12954	13476	1
12954	13204	1
