11109	11292	5254
11109	11298	2380
11109	12266	1309
10713	13487	1359
11109	13487	328
10713	14869	4062
10713	11292	3656
11109	10397	907
11109	11503	6
10713	13930	768
11109	13930	1341
11109	12264	319
11109	11278	11
11109	14683	56
11109	15016	14
10713	14107	1399
10713	14057	1422
10713	14747	2031
10713	12278	1
13127	14869	582
11109	12892	551
11109	12451	6
11109	13198	2
11109	13495	6
13127	14747	430
11109	10800	1
10713	14831	316
10713	14303	55
13127	14252	2
10713	13127	109
11109	14869	628
10713	14893	279
11109	10423	12
11109	10140	2
10713	11618	9
10713	12892	553
10713	14771	1036
11109	13851	13
11109	14057	1
10713	15041	16
10713	14252	4
13127	11884	6
10713	10721	7
10713	12441	1
11109	14107	5
10713	11193	7
11109	13502	2
10713	11278	1
10713	12889	1152
11109	11618	1
10713	15376	1
10713	14570	503
10713	11884	438
13127	10713	74
10713	14492	12
10713	11298	2
11109	14689	4
11109	14771	173
11109	10590	2
13127	10590	1
10713	12264	6
10713	13198	42
11109	10466	55
11109	11719	1
11109	12889	72
11109	14288	3
11109	12954	52
10713	10561	4
10713	12280	6
10713	14489	1
10713	15016	7
10713	10140	38
10713	13796	745
10713	10800	85
10713	14679	148
10713	11540	3
10713	13891	75
10713	13232	104
11109	11648	2
10713	10275	1
10713	12156	2
10713	12191	10
10713	15304	2
11109	15376	1
11109	10372	1
11109	14457	1
10713	15389	6
13127	14107	1
10713	10620	2
10713	14113	2
11109	11697	1
10713	13871	1
13127	12954	1
11109	14679	1
10713	13433	1
13127	14303	1
11109	11122	1
11109	11540	1
10713	13851	1
10713	10693	1
10713	13204	12
10713	14908	3
10713	10423	1
10713	11259	1
10713	11697	13
10713	12992	2
10713	13495	1
10713	14683	1
