12945	11433	909
12945	12953	254
12945	10397	2417
12945	13244	627
12945	11697	177
12945	13204	239
12223	11697	69
12223	13204	37
12223	14112	69
12223	14761	71
12945	13930	941
12945	11298	649
12223	11057	714
12945	12266	284
12945	14730	41
12223	11193	158
12945	13487	171
12223	11433	114
12945	11193	24
12945	11057	1673
12945	11259	2
12945	11278	110
12945	13198	1
12945	10693	6
12223	10693	1
12223	11146	7
12945	12223	4
12945	14122	2
12945	10599	2
12945	15323	3
12945	11066	2
12945	14635	1
12945	12339	6
12945	15304	1
12945	15295	1
12945	14082	59
12945	14112	76
12945	14761	60
12945	15919	1
12945	11146	7
12945	12323	1
12945	15412	5
12945	11612	1
12945	11995	1
12223	14730	1
12945	11042	1
12945	11423	1
12945	11267	1
12945	10868	1
12945	11618	1
12945	11996	1
