11042	10257	678
11042	10397	2974
11042	10529	511
11042	10721	848
11042	10785	288
11042	10792	664
11042	10821	2075
11042	11057	4081
11042	11066	629
11042	11193	569
11042	11267	631
11042	11278	724
11042	11292	2210
11042	11298	1796
11042	11697	1072
11042	11977	314
11042	11986	856
11042	11995	6
11042	11996	160
11042	12264	765
11042	12266	3271
11042	12339	603
11042	12451	155
11042	12953	1588
11042	13198	750
11042	13204	1583
11042	13230	315
11042	13296	699
11042	13303	643
11042	13342	987
11042	13485	310
11042	13487	1744
11042	13495	223
11042	13930	4848
11042	13931	241
11042	14027	380
11042	14100	2691
11042	14193	10
11042	14307	651
11042	14321	3
11042	14492	497
11042	14524	560
11042	14576	646
11042	14730	478
11042	15016	765
11042	15096	412
11042	15304	971
11042	15370	33
11042	15412	81
11042	10140	50
11042	13232	2597
11042	10423	19
11042	10693	865
11042	12889	2248
11042	10800	5
11042	11433	880
11042	14570	8
11042	12892	1486
11042	14122	518
11042	14679	71
11042	13796	18
11042	13891	1
11042	12191	42
11042	11577	514
11042	11721	407
11042	14107	1163
11042	14131	102
11042	14635	1176
11042	14696	186
11042	14771	684
11042	14843	109
11042	10557	41
11042	11618	1166
11042	11441	117
11042	12494	71
11042	12278	1
11042	10874	48
11042	13244	751
11525	14869	420
10322	12264	77
11042	14908	1
11042	10581	1
11042	13577	18
11042	11337	4
11042	12478	286
11042	14689	1
11042	13502	2
11042	11823	4
10221	11292	10
11042	11638	1
11042	11684	28
11042	11003	1
11042	11146	2
11042	13871	12
10245	10299	18
10322	12559	2
11042	12173	3
11042	13121	2
11042	13184	1
11042	10599	24
11042	11259	5
11042	12391	13
11042	12992	2
11042	13851	8
11042	14057	2
11042	14747	11
11042	14831	2
11042	14869	4
11042	14893	1
10322	14122	1
11042	10994	3
11525	14570	3
11042	10434	1
10322	12953	1
11042	10431	1
11042	13256	1
11042	13367	1
11042	12945	1
