15304	10721	760
15304	12264	1901
15304	12478	1805
15304	13303	1667
15304	13930	3801
15304	14492	1106
15304	14843	447
15304	11618	2381
15304	12197	252
15304	12953	1147
10792	10721	1056
10792	11697	913
10792	12478	2373
10792	13204	1531
15304	10529	1114
15304	15070	2
10792	11618	1197
15304	10792	691
15304	14893	62
10792	14635	606
15304	10397	13677
15304	11042	1008
15304	11057	7792
15304	11193	1052
15304	11278	2505
15304	11433	3269
15304	11624	353
15304	11697	3270
15304	12266	3703
15304	12451	1007
15304	13204	939
15304	13244	1385
15304	14027	1715
15304	14100	3802
15304	14193	24
15304	14635	373
15304	15249	42
15304	11292	3906
15304	11298	4708
15304	12892	585
15304	13495	1173
15304	14107	2958
15304	14524	4
15304	14683	593
15304	14685	4
15304	14730	499
15304	11252	19
10792	10257	17
10792	10397	4349
10792	10821	2260
10792	10874	3
10792	11042	611
10792	11057	2963
10792	11433	2206
10792	11537	4
10792	14100	1938
10792	14576	66
15304	10821	3374
15304	11953	10
15304	11995	2
15304	12889	1263
15304	13360	10
15304	14122	1109
15304	14986	151
15304	10994	1
15304	11066	877
15304	10599	719
15304	11481	6
15304	13487	1801
15304	15624	4
15304	14570	18
15304	10693	1443
15304	15016	1040
10792	12264	1143
10792	13930	3541
15304	14576	431
15304	14771	42
15304	14747	49
10792	12953	863
10792	14122	11
10792	15096	41
15304	14112	44
10792	11278	610
15304	11986	307
15304	11267	322
15304	12217	2
10792	13495	47
10792	11423	1
10792	13487	310
15304	12448	1
15304	14307	771
15304	13342	896
15304	10257	466
10792	10581	1
10792	11066	9
10792	11995	3
15304	10158	300
10792	12266	1
15304	10620	3
15304	10713	6
15304	10874	425
10792	10577	3
15304	14679	63
15304	12339	1280
10792	11986	2
10792	10781	1
10792	14492	3
10792	12197	1
10792	10529	14
10792	11577	3
15304	11996	1
10792	13577	16
10792	14027	42
10792	15016	8
15304	14831	63
15304	14908	12
15304	11259	466
10792	13232	1823
10792	14107	591
15304	10140	62
15304	12191	1793
15304	13232	2007
15304	13198	908
10792	12889	730
15304	10423	576
10792	10599	15
10792	10693	2
10792	11292	27
10792	13296	10
15304	14057	113
15304	13296	790
10792	10800	38
10792	11259	17
10792	12992	5
10792	15304	606
15304	11540	63
10792	14747	41
15304	12206	16
15304	12391	594
10792	12451	36
10792	12892	32
15304	12896	6
10792	13198	16
15304	13931	418
15304	13796	7
15304	13851	41
15304	13871	78
10792	13891	11
10792	14679	38
10792	14831	1
15304	14869	33
10792	14908	5
15304	15370	6
10792	11637	1
15304	11973	36
15304	11721	367
10792	13230	1
15304	13577	1
15304	13277	1
15304	15412	1
15304	10785	4
15304	14321	5
10792	14986	1
15304	15096	4
10792	11973	3
15304	11308	1
10792	12397	2
10792	14098	2
10792	14683	18
10792	13303	2
15304	10685	4
10792	14730	1
10792	15070	1
10792	11298	1
10792	14696	2
15304	10800	7
15304	11884	1
15304	13158	1
15304	15376	2
10792	12391	1
15304	14783	1
10792	10423	2
10792	13342	4
10792	14869	16
10792	14893	8
15304	10980	2
15304	15919	2
15304	10208	1
