11697	10721	2017
11697	10792	980
11697	12478	4058
11697	12954	413
11697	14843	1995
11697	10423	978
11697	11278	2972
11697	12264	722
11697	14492	939
11697	14524	365
11697	10529	1328
11697	11618	3149
11697	12197	575
11697	12953	3816
11697	14771	1074
11697	15070	272
11697	13930	3362
11697	13204	3780
11697	11298	4473
11697	15304	3475
11697	10732	492
11697	13303	1144
11697	14254	1
11697	10397	16011
11697	11042	1105
11697	11057	6926
11697	11292	3087
11697	11624	239
11697	12266	4281
11697	13244	1364
11697	14027	724
11697	14100	3802
11697	14635	282
11697	14908	35
11697	11252	20
11697	12451	1016
11697	14107	2482
11697	14679	119
11697	14685	36
11697	15024	719
11697	15249	159
11697	10821	3349
11697	10868	1
11697	12892	2186
11697	11193	1068
11697	11433	3444
11697	13232	1499
11697	13360	13
11697	13487	1444
11697	14057	38
11697	14986	26
11697	14747	29
11697	12889	1336
11697	14574	1
11002	14771	581
11002	14893	4
11697	10693	1196
11697	14869	42
11697	13342	1132
11697	11540	4
11697	13230	129
11697	13495	815
11697	12339	567
11697	12945	176
11697	14112	5
11697	10158	822
11697	13577	272
11697	13422	1
11697	14122	749
11002	14908	3
11002	13264	1
11697	11066	602
11697	10581	1
11697	14831	41
11697	11259	308
11697	12191	1355
11697	15016	649
11697	13198	609
11697	10140	11
11697	10257	418
11697	10599	15
11697	13931	72
11697	14307	812
11697	10800	2
11697	12391	591
11697	11481	102
11697	14683	77
11697	12448	11
11697	12992	4
11697	13296	164
11697	13796	5
11697	13851	9
11697	13871	3
11697	13891	3
11697	14570	6
11697	14730	8
11697	14893	60
11697	14098	2
11697	10135	152
11697	11953	4
11697	13277	1
11697	10785	2
11697	14321	3
11697	15096	5
11697	11973	1
11697	11995	1
11697	10994	3
11697	15624	1
11697	10849	1
11697	11537	42
11697	11986	60
11697	11996	68
11697	12223	69
11697	14025	299
11697	15412	73
11697	12265	114
11697	12898	111
11697	15370	1
11697	11641	1
11697	14193	3
11697	11267	1
11697	12278	1
11697	11146	58
11002	13891	1
11697	14761	2
11697	14082	1
11697	10208	1
