10558	11292	112
14771	12173	6381
14771	10721	4375
14771	11298	7173
14771	11697	1022
14771	12478	8111
14771	12954	585
14771	10423	1058
14771	12892	12821
14771	13930	12180
14771	14635	3
14771	10157	1068
14771	10713	974
14771	10800	1029
14771	11002	560
14771	11042	657
14771	11278	82
14771	11292	10216
14771	11603	1717
14771	11618	3486
14771	12264	6020
14771	12266	4973
14771	12758	1885
14771	12889	7826
14771	12982	1155
14771	13264	1232
14771	13476	966
14771	13796	329
14771	13830	2731
14771	13891	1000
14771	14057	4219
14771	14107	6497
14771	14262	1657
14771	14570	1949
14771	14679	5381
14771	14689	1110
14771	14747	7368
14771	14831	641
14771	14869	2948
14771	14893	1329
14771	14908	3238
14771	10140	307
14771	11193	909
14771	11503	2
14771	11540	59
14771	11638	563
14771	11921	1
14771	13024	285
14771	13198	790
14771	13204	1187
14771	13303	1585
14771	13342	667
14771	13388	168
14771	13487	4194
14771	13495	541
14771	13964	404
14771	14027	2
14771	14100	4059
14771	14252	581
14771	14487	823
14771	14489	857
14771	14683	350
14771	14698	800
14771	15304	61
14771	15376	572
14771	10372	282
14771	10561	365
14771	11884	572
14771	12953	39
14771	13424	552
14771	15016	580
14771	15412	1
14771	10930	300
14771	11057	4140
14771	10397	6099
14771	10849	247
14771	11433	2151
14771	12191	97
14771	10529	22
14771	13232	1252
14771	11423	3
14771	15023	13
14771	10821	658
14771	11109	208
14771	14122	611
14771	15370	22
14771	12094	1
14771	13485	1
14771	14730	2
14771	13851	3
14771	11041	1
14771	10257	1
14771	14307	10
14771	14492	75
12559	12264	164
12559	10322	4
14771	13871	25
14771	12339	22
14771	12441	1
12559	14122	1
10558	10620	2
14771	15096	1
14771	10279	7
14771	11259	35
14771	12391	21
14771	12448	1
14771	12992	1
14771	13296	13
14771	12206	1
12559	11278	1
14771	12278	1
14771	12451	2
14771	10158	1
14771	14524	1
12559	11618	1
14771	14576	1
14771	13244	1
14771	10599	1
14771	11066	2
