14986	10397	6393
14986	10423	5
14986	10792	5
14986	11278	513
14986	11433	611
14986	11618	16
14986	12953	33
14986	13244	16
14986	14122	18
14986	10721	429
14986	10821	378
14986	12339	319
14986	13232	516
14986	13342	376
14303	14747	547
14986	11057	2064
14986	12478	641
14986	11697	32
14986	14635	54
14303	14252	1
14986	15304	106
14986	14524	2
14986	10434	2
14986	11267	4
14986	11995	2
14986	13204	56
14986	14027	20
14986	13303	11
14986	13360	4
14986	12451	10
14986	11953	1
14986	13495	2
14303	10713	46
14986	15016	6
14986	11193	15
14986	11624	3
14986	10785	1
14986	14321	12
14986	13577	1
14986	11066	6
14303	14057	1
14986	15624	1
14986	12892	1
14303	11884	7
14986	12197	5
14986	14771	1
14986	13296	3
14986	14730	1
14986	10431	1
14986	11252	1
14986	10685	1
14986	10874	4
14986	11721	2
14986	14098	1
14986	14100	1
14986	11298	1
