13485	10821	4
13485	11193	310
13485	11278	282
13485	11433	2647
13485	13487	2572
13485	11298	827
13485	11697	6
13485	12953	295
13485	14100	11
13485	14908	6
14685	10397	5094
14685	10529	8
14685	11042	7
14685	11292	11
14685	12266	498
14685	12953	303
14685	13244	14
14685	13495	10
14685	13930	870
14685	13931	4
13485	10397	313
13485	13244	364
13485	13930	3688
14574	10397	1195
14574	11433	263
14574	12264	481
14574	13303	7
14685	12264	806
13485	11292	1685
13485	14893	26
14685	11057	3686
14685	11298	676
14685	13303	117
14685	11618	365
13485	11618	123
14574	13930	616
14574	11057	2251
14685	11433	299
13485	13342	233
14685	11481	1
13485	12339	3
14574	12953	90
14574	14100	416
14685	11267	10
14685	11278	41
14685	15016	3
14685	14321	24
13485	11042	392
14574	13139	11
14574	14027	1
13485	14107	1
14685	10994	70
14685	11193	1
14685	11697	36
14685	12451	37
14685	13204	17
14685	14027	4
14574	11278	5
14574	14492	4
14685	12124	26
14574	12323	1
14685	10208	9
14685	14747	1
14685	14100	455
14574	13495	1
14685	14730	21
14685	11066	22
14685	11995	1
14685	14122	8
14574	13931	9
13485	11203	5
13485	11977	4
14685	10868	6
14685	14635	3
14685	10731	10
14685	11996	2
14685	15304	9
14574	11146	3
13485	14635	1
13485	10590	3
14574	14112	76
14574	14761	72
13485	11003	2
13485	13198	1
13485	13303	2
14685	15624	1
13485	10599	1
14574	13121	2
14685	14492	12
14685	11252	2
14574	14524	12
14685	10821	2
14685	13577	10
14574	11995	12
13485	14108	1
14685	11617	1
14574	15096	1
14574	11996	1
14574	10990	4
14574	10431	1
13485	10408	3
14685	12339	2
14574	14122	3
13485	11537	1
14574	10821	4
14685	10693	1
14574	10135	1
13485	14633	1
13485	12889	1
14685	14986	3
14685	10721	2
13485	10685	1
13485	13232	1
14574	11066	3
14685	15607	1
14685	15249	1
14685	12323	4
13485	15016	1
14685	11953	1
14574	10721	1
14574	12478	1
13485	14457	2
14685	10849	1
14574	15323	1
13485	13367	2
14685	13795	1
13485	14122	1
13485	11638	1
14685	15412	1
13485	11986	1
13485	11057	1
13485	12264	1
14574	14006	1
14574	12223	1
14685	10599	1
14574	13204	1
14685	11775	1
13485	13076	2
14685	13198	1
