11315	11292	174
13577	10397	1415
13577	11433	349
13577	10994	15
13577	11057	3295
13577	11995	4
13577	14492	5
13577	13930	127
13577	10792	19
13577	11618	192
13577	13204	1
13577	11042	6
13577	12323	9
13577	14100	166
13577	10208	2
13577	11278	62
13577	10257	31
13577	10721	228
13577	11699	2
13577	12339	2
13577	14685	10
13577	14307	3
13577	12953	381
13577	10158	263
13577	11697	276
11315	12389	5
11315	13433	1
13577	10135	2
13577	10529	1
13577	10868	6
13577	12124	1
13577	12451	2
13577	12264	4
13577	11617	1
13577	14122	32
13577	13360	1
13577	13244	1
13577	12992	1
13577	11996	2
13577	11641	1
13577	14635	1
13577	11146	1
13577	13495	4
