14112	10135	87
14112	10581	76
14112	10980	55
14112	11003	68
14112	11423	87
14112	11823	86
14112	11986	72
14112	11995	60
14112	11996	77
14112	12223	71
14112	12945	80
14112	13367	40
14112	14025	81
14112	14108	84
14112	14512	88
14112	14574	78
14112	14696	91
14112	14783	76
14112	15295	73
14112	15323	70
14112	15412	71
14112	16133	51
10469	11433	1517
10469	11986	7
10469	13930	693
10469	13487	235
14112	15304	14
14112	13871	99
14112	13342	387
14112	14635	3
14112	11252	1
14112	11298	1
14112	13204	10
14112	11697	2
10469	15412	1
10469	14122	1
10469	11721	1
10469	15295	1
10469	13342	1
14112	14761	9
14112	14082	2
10469	12339	1
10469	10874	1
10469	14696	1
10469	11193	1
