14457	10466	73
14457	12889	59
10785	10423	2
10785	12264	873
10785	13930	1445
10785	12478	2424
10785	13204	291
12441	10397	201
12441	14869	1661
10785	11433	892
14457	13487	999
12441	11865	1
12441	14908	23
10785	11278	899
12441	10849	11
12441	11292	1535
12441	12892	207
14457	10627	1
14457	11292	1351
14457	14869	499
14457	13930	204
12441	13930	1516
10785	14100	1957
10785	11042	202
10785	11618	1098
10785	13296	10
10785	12953	287
12441	15370	4
14457	11298	260
10785	10529	7
12441	11298	382
14457	11122	1
14457	11423	1
10785	14307	3
10785	10257	7
10785	14122	1
10785	11884	1
10785	10721	13
10785	14986	1
10785	15096	2
14457	10590	2
14457	11775	2
12441	11122	2
12441	12889	2
14457	11637	2
14457	13342	1
12441	10713	2
12441	13486	1
12441	12280	2
10785	10397	1
10785	13495	15
12441	12264	1
10785	14635	1
10785	14321	8
10785	14025	1
10785	10577	1
14457	13433	1
12441	15016	17
14457	12892	1
10785	11066	1
10785	10792	1
14457	10620	2
10785	11537	1
10785	12889	1
10785	14027	1
10785	14679	1
14457	14730	1
14457	12266	1
12441	10693	1
12441	14113	1
10785	11697	1
10785	15016	2
10785	12397	1
14457	13422	1
14457	14122	1
10785	12323	1
10785	14685	16
14457	13184	1
