14783	10397	689
14783	13244	492
14783	13930	1037
14783	11298	1432
10739	13487	286
14783	13198	13
14783	15370	2
14783	12478	1
14783	13495	1
14783	15919	1
14783	15016	9
14783	11292	481
14783	11423	3
15841	10299	29
15841	14747	42
15841	12523	45
15841	12819	32
15841	14256	8
14783	12278	3
10739	10590	2
14783	10590	1
14783	10466	82
14783	12889	69
14783	12892	80
14783	13204	37
14783	14112	79
14783	14761	67
14783	11775	1
14783	12992	2
10739	11637	1
14783	14730	1
14783	11066	1
14783	13851	2
10654	12264	27
14783	10713	1
14783	11111	1
14783	13871	1
14783	10140	1
14783	10643	1
