13198	13487	2319
13198	14869	1205
13198	10397	5684
13198	11292	7328
13198	11433	1772
13198	13244	1130
13198	14107	2734
13198	15016	1752
13198	12953	1160
13198	11193	1003
13198	13303	1
13198	13930	4563
13198	13485	9
13198	14027	1
16101	14747	954
13198	12278	51
13198	14783	13
13198	12266	1978
13198	12264	856
13198	11042	714
13198	11298	3852
13198	11278	1170
13198	14100	956
13198	11057	2534
13198	14730	151
13198	14492	24
13198	14685	8
13198	13871	43
13198	11109	2
13198	13851	624
13198	10599	9
13198	10423	334
13198	11618	520
13198	11066	417
13198	12339	751
13198	10299	13
13198	10721	295
13198	12889	1535
13198	14321	6
13198	14524	25
13198	14570	2
13198	14831	82
13198	10140	536
13198	10257	16
13198	10279	8
13198	10529	17
13198	10693	1466
13198	10713	56
13198	10792	12
13198	10800	4
13198	10821	1081
13198	11140	1
13198	11259	2539
13198	11481	10
13198	11540	40
13198	11697	696
13198	11884	40
13198	12191	376
13198	12206	49
13198	12451	3
13198	12892	1181
13198	12896	2
13198	13158	3
13198	13204	1456
13198	13232	2735
13198	13296	6
13198	13342	1621
13198	13495	381
13198	13796	497
13198	13891	153
13198	13931	3
13198	14057	647
13198	14122	84
13198	14307	6
13198	14635	248
13198	14679	942
13198	14683	120
13198	14747	482
13198	14771	699
13198	14893	95
13198	14908	39
13198	15304	819
13198	15370	14
13198	15376	102
16101	10590	2
13198	11267	2
13198	12511	23
13198	11996	1
13198	11423	13
13198	12992	2
13198	14457	2
13198	12954	20
13198	15096	7
13198	11111	3
13198	13290	6
13198	13367	2
13198	11637	1
13198	10685	1
13198	14108	1
16101	10275	1
16101	12889	1
16101	14252	7
13198	13029	4
13198	11973	1
13198	11867	3
13198	11283	3
13198	10781	1
13198	10408	1
13198	15919	2
16101	14057	2
13198	11778	1
13198	11980	1
13198	10268	1
16101	11884	2
13198	12478	1
13198	11775	1
13198	13230	4
13198	10135	1
13198	10994	1
13198	12951	1
13198	10868	2
13198	13360	1
