13347	12173	78
13347	13830	8
11624	10397	2394
11624	11697	224
11624	13303	2372
11624	14635	235
11638	12889	708
11638	12892	1975
11638	14057	308
11638	14107	1622
11638	14747	363
11638	14771	762
11638	14893	30
11638	11292	863
11638	14698	1
11638	14869	756
11638	13796	7
11638	13891	6
11638	14908	11
11624	15412	1
11638	10800	5
11638	11298	1409
11638	14831	13
11638	14905	1
11638	13476	1
11624	11057	1603
11624	11042	1
11624	11252	3
11624	15304	345
11638	11423	6
11624	13931	2
11624	13204	645
11624	14100	10
15051	10140	3
11624	14986	2
11624	12339	4
11624	13296	1
11624	14027	7
11638	14570	1
11638	14679	7
11638	10713	2
11638	10561	7
11638	14689	6
11624	10994	1
11638	13029	1
11624	12953	2
11624	10821	61
11624	11986	1
11624	14679	1
11624	11066	3
11624	10792	1
11624	10874	1
11624	11267	2
11624	11721	2
11624	14122	1
11638	10423	20
11638	11278	20
11638	13244	1
11638	15376	10
11638	12954	1
11638	14262	1
11624	10721	1
13347	12758	1
11638	11057	1
