11775	13487	1991
11775	11433	257
11775	11042	4
11775	13930	1432
11775	15016	1
11775	11298	485
11775	11292	1552
11775	11423	3
11775	12892	62
11775	13232	1
11775	13342	1
11775	14457	7
11775	15048	1
11775	12945	1
11775	10590	2
11775	14107	14
11775	14908	1
11775	10466	88
11775	12889	62
11775	14761	69
11775	13871	6
11775	11637	5
11775	13029	2
11775	10140	1
11775	10409	1
11775	14730	1
11775	11003	1
11775	13211	1
11775	10208	1
11775	13198	2
11775	14635	1
11775	10627	1
11775	14120	1
11775	14831	1
11775	10141	2
