10299	13487	1437
10299	14107	825
10299	11618	112
10299	11630	2323
10299	14747	7362
10299	11555	182
10299	13930	846
10299	11292	3
10299	14869	976
10299	15579	66
10299	12184	85
10299	10551	387
10299	14057	1195
10299	10170	549
10299	12266	464
10299	11433	105
10299	13873	279
10299	12523	753
10299	11445	134
14288	11292	109
13176	14843	26
10299	10165	18
10299	10245	21
10299	10926	129
10299	12173	627
10299	13830	357
10299	13970	233
10299	14828	130
10299	15841	28
10299	10423	1
10299	12819	120
10299	13196	7
10299	14919	9
10299	10754	213
10299	11336	50
10299	12807	1
10299	14709	101
10299	10917	12
10299	14256	24
10299	14738	14
10299	15991	34
14288	12889	50
10299	10721	11
10299	11066	5
10299	15478	3
10299	13891	1
14288	11921	1
14288	13851	1
14288	11109	1
10299	10304	1
10299	11193	1
14288	10590	3
