11481	10397	2731
11481	13244	844
11481	15607	1
11481	15624	10
11481	14193	12
11481	15249	8
11481	15304	9
11481	13277	1
11481	14635	5
11481	13204	511
11481	14492	10
11481	14524	2
11481	13303	1
11481	11973	2
11481	13422	3
11481	13495	5
11481	12892	1
11481	10257	5
11481	10529	14
11481	10693	695
11481	10721	11
11481	10821	745
11481	11259	208
11481	11292	6
11481	11433	6
11481	11697	128
11481	12191	741
11481	13158	2
11481	13198	17
11481	13232	210
11481	13851	6
11481	13871	17
11481	13931	2
11481	14100	5
11481	14107	2
11481	14570	1
11481	14679	1
11481	14683	1
11481	14831	1
11481	15016	10
11481	12451	3
11481	10800	1
11481	10423	1
11481	14057	1
11481	10599	3
11481	11057	1
11481	12896	1
11481	14027	1
