13296	10397	840
13296	11433	1348
13296	10721	92
13296	11042	618
13296	13930	714
13296	14100	3126
13296	11618	803
13296	14576	1
13296	11278	926
13296	12264	456
13296	14321	13
13296	10529	12
13296	11057	603
13296	11298	34
13296	12953	161
13296	14635	172
13296	10140	5
13296	10423	17
13296	10599	3
13296	10693	90
13296	10792	3
13296	10821	3067
13296	11066	31
13296	11259	3
13296	11292	12
13296	11697	96
13296	12191	6
13296	12339	1
13296	12451	23
13296	12889	603
13296	12892	76
13296	13198	24
13296	13204	1027
13296	13232	1428
13296	13487	1
13296	13495	21
13296	13796	4
13296	13891	40
13296	13931	17
13296	14027	34
13296	14107	650
13296	14122	17
13296	14492	85
13296	14570	8
13296	14679	25
13296	14730	2
13296	14771	22
13296	14831	13
13296	14869	29
13296	14893	3
13296	15016	37
13296	15304	700
13296	15376	9
13296	12992	1
13296	14307	12
13296	10257	5
13296	15096	1
13296	10994	19
13296	12266	4
13296	14685	5
13296	14986	8
13296	11481	1
13296	10785	10
13296	12197	1
13296	11995	1
13296	10581	1
13296	12478	3
