10577	11433	736
13796	14869	3071
13796	12892	1788
13796	14107	4052
13796	14771	392
13796	14831	164
10577	10434	2
10577	15096	7
10577	10792	2
10577	14100	918
13796	14747	3340
13796	13487	22
13796	14679	1739
13796	14893	109
10577	12264	640
13796	10713	773
10577	10868	1
13796	14570	915
13796	10140	582
13796	10721	18
13796	11292	2725
13796	11298	9
13796	11540	93
13796	11618	17
13796	12266	46
13796	12889	1996
13796	13198	370
13796	15016	119
13796	10257	12
13796	10279	5
13796	10423	525
13796	10529	57
13796	10599	18
13796	10693	72
13796	10792	9
13796	10800	1460
13796	10821	255
13796	11042	37
13796	11066	13
13796	11259	350
13796	11433	62
13796	11697	40
13796	11884	856
13796	12191	994
13796	12206	8
13796	12264	187
13796	12339	36
13796	12391	5
13796	12451	3
13796	12896	1
13796	12992	40
13796	13204	66
13796	13232	1285
13796	13296	1
13796	13342	20
13796	13495	101
13796	13851	17
13796	13871	21
13796	13891	1347
13796	13931	21
13796	14057	2083
13796	14100	69
13796	14492	36
13796	14635	5
13796	14683	126
13796	14730	3
13796	14908	1152
13796	15304	30
13796	15376	276
10577	10257	2
13796	11638	6
13796	12758	234
13796	13830	423
13796	12478	408
13796	12954	541
13796	12173	1038
10577	14711	1
10577	12953	1
10577	10135	1
10577	10721	1
13796	14698	1
10577	12397	2
13796	12982	16
13796	15023	10
13796	10666	82
10577	11618	1
13796	11603	74
13796	10157	1
10577	14321	1
13796	10397	1
13796	13930	2
13796	14262	1
10577	14576	1
10577	11278	1
13796	13158	1
