14262	14107	2748
14262	14869	935
14262	11292	1556
14262	12892	1324
14262	13891	73
14262	14679	75
10631	13487	390
13484	10397	151
14262	11298	2473
14262	14908	63
14262	10423	1
14262	13930	1249
14262	14771	1644
14262	15376	7
14262	14893	226
14262	10140	3
14262	10800	17
14262	12278	9
14262	12889	478
14262	14689	6
14262	14831	10
14262	13487	375
14262	13851	2
14262	13303	1
14262	14057	654
14262	14747	1478
10631	12343	1
14262	13232	1
14262	14635	2
13484	12217	2
10631	10590	1
14262	12264	5
14262	10666	117
10631	10739	1
10631	11898	1
14262	11423	1
14262	11540	1
14262	14570	2
14262	10713	5
14262	12758	1
14262	12954	2
13484	13244	1
14262	11066	1
14262	14489	4
14262	13476	1
14262	13796	1
