14107	10140	4707
14107	10257	32
14107	10279	11
14107	10423	3265
14107	10529	88
14107	10599	692
14107	10693	1468
14107	10713	1288
14107	10721	3140
14107	10792	581
14107	10800	3786
14107	10821	3378
14107	11042	1266
14107	11066	2023
14107	11140	34
14107	11259	1015
14107	11292	12412
14107	11433	5863
14107	11540	3674
14107	11697	2639
14107	11884	1156
14107	12191	2046
14107	12264	836
14107	12339	2292
14107	12391	3
14107	12451	72
14107	12889	10137
14107	12892	7960
14107	12896	134
14107	12953	112
14107	12992	630
14107	13158	11
14107	13198	2938
14107	13204	3408
14107	13232	2248
14107	13296	767
14107	13342	3113
14107	13487	7639
14107	13495	763
14107	13796	4086
14107	13851	1042
14107	13871	2070
14107	13891	6181
14107	13931	19
14107	14027	8
14107	14057	5185
14107	14100	7042
14107	14122	2494
14107	14307	689
14107	14492	912
14107	14570	3991
14107	14635	49
14107	14679	8030
14107	14683	3492
14107	14730	629
14107	14747	6277
14107	14771	6688
14107	14831	4363
14107	14869	9495
14107	14893	4690
14107	14908	6269
14107	15016	3160
14107	15304	2893
14107	15370	867
14683	10140	234
14683	10279	80
14683	10529	27
14683	10599	26
14683	10693	982
14683	10713	37
14683	10721	22
14683	10792	3
14683	10800	24
14683	10821	1140
14683	11259	3026
14683	11292	3863
14683	11433	1406
14683	11540	579
14683	11697	48
14683	11884	2
14683	12191	2173
14683	12206	379
14683	12264	807
14683	12339	13
14683	12391	18
14683	12448	90
14683	12451	16
14683	12889	1532
14683	12892	1400
14683	12896	18
14683	12953	59
14683	12992	40
14683	13198	66
14683	13204	690
14683	13232	1115
14683	13296	5
14683	13487	1091
14683	13495	272
14683	13796	101
14683	13851	99
14683	13871	9
14683	13891	89
14683	14057	25
14683	14100	62
14683	14107	3379
14683	14122	23
14683	14307	30
14683	14492	75
14683	14679	712
14683	14747	53
14683	14771	306
14683	14831	104
14683	14869	1075
14683	14893	202
14683	14908	59
14683	15016	329
14683	15304	685
14683	15370	86
14107	10299	857
14107	10561	1293
14107	11057	10013
14107	11298	9261
14107	11638	1631
14107	11695	1180
14107	12173	3556
14107	12266	7281
14107	12478	3108
14107	12758	1151
14107	12954	1429
14107	12982	938
14107	13244	2642
14107	13476	574
14107	13830	1501
14107	13930	8561
14107	14262	2562
14107	14689	1417
14107	14698	1131
14107	15376	5064
14107	16218	1422
14107	10397	9018
14107	11278	2206
14107	11413	478
14107	11618	3693
14107	15041	1
14107	15177	315
14107	11423	649
14107	11921	537
14107	13303	505
14107	11193	771
14107	13502	2
14107	14081	18
14107	14943	11
12197	12244	4
14683	10397	6942
14683	11140	22
14683	11298	8776
14683	12266	5684
14107	11711	5
14107	14524	2
14683	10423	234
14683	13158	2
14683	14635	2
14683	10257	4
14683	14730	2
14683	11618	645
14683	13256	11
14683	13930	2662
14683	13244	1034
12197	10397	2724
12197	10721	15
12197	11433	998
12197	12953	135
12197	14100	609
12197	13930	1970
11537	11433	1449
12197	12264	395
12197	12478	23
14683	13342	214
14107	14489	2
11537	14100	1251
14683	11057	1887
14107	10135	1
12197	11278	730
12197	11057	791
12197	10529	15
14683	11042	6
14683	12954	3
14683	13230	10
14683	14689	9
14683	15376	29
11537	10821	1
12197	10821	4
12197	10257	2
12197	14576	2
14107	11503	2
14683	11066	18
14683	11278	116
14683	13061	4
14683	13433	2
12197	11618	25
12197	15304	241
14683	14193	3
14683	12478	373
14107	14685	1
14683	10158	1
12197	12339	1
12197	13204	1088
12197	14027	1120
14107	10874	2
14683	10685	1
11537	13230	1
14683	13303	13
11537	12397	5
11537	12953	2
14683	14524	45
12197	13230	1
12197	15070	6
14683	11193	3
14683	11415	4
14683	10590	1
11537	11697	42
11537	14761	64
14107	12280	1
12197	11697	542
12197	14635	415
14683	11049	1
14683	12016	1
14683	14252	1
14683	12951	3
14683	11982	12
14107	11603	10
12197	14122	1
12197	14321	1
14683	14986	3
14107	14843	1
12197	10693	16
14683	11638	19
14683	14262	5
14107	13184	1
12197	12892	1
14683	12915	1
14107	15412	1
12197	14107	1
14683	13485	3
11537	14576	3
14107	10980	1
12197	10785	1
12197	12391	3
11537	14122	2
11537	11618	1
12197	14307	5
11537	12945	1
11537	15096	2
14107	12156	1
14683	14842	3
14683	11267	2
14107	11097	1
12197	12124	1
11537	10792	2
11537	10257	1
11537	14711	1
12197	12397	1
14107	12094	1
11537	10577	1
14107	13422	1
14683	13377	1
14683	10155	1
12197	10434	1
14683	15411	1
12197	14843	1
11537	10434	1
11537	11027	1
12197	14492	1
14107	10994	1
11537	10874	1
11537	12365	1
