13204	10135	310
13204	11423	136
13204	11986	463
13204	11996	160
13204	12223	37
13204	12945	235
13204	14783	31
13204	15323	30
13204	15412	215
13204	16133	30
13204	10423	1235
13204	10721	2746
13204	10732	239
13204	11298	6348
13204	11618	3638
13204	12197	1120
13204	12264	3883
13204	12478	4389
13204	14254	173
13204	14843	2438
13204	10785	273
13204	10792	1576
13204	11278	4688
13204	12892	3672
13204	13303	2771
13204	15096	430
13204	12953	2589
13204	14524	632
13204	15070	356
13204	10529	1603
13204	14321	384
13204	13930	6061
13204	10397	17746
13204	10599	789
13204	11042	1625
13204	11057	8932
13204	11193	1724
13204	11292	6434
13204	11697	3246
13204	12266	4884
13204	12889	1721
13204	13244	2278
13204	13476	1
13204	13495	1397
13204	14027	390
13204	14100	6128
13204	14107	3252
13204	14193	53
13204	14635	3252
13204	15304	984
13204	10693	1905
13204	11252	103
13204	11433	4641
13204	11481	558
13204	11624	602
13204	11953	24
13204	11995	2
13204	12217	257
13204	12451	263
13204	13342	2482
13204	13360	75
13204	13422	3
13204	14122	1528
13204	14492	1388
13204	14679	227
13204	14685	18
13204	15249	27
13204	10994	9
13204	11259	814
13204	13487	4056
13204	10821	4326
13204	11066	1361
13204	11540	97
13204	14683	831
13204	14747	1137
13204	14869	2079
13204	14986	77
13204	15624	14
13204	13232	3268
13204	14771	1202
10431	15304	1
10431	10397	1901
10431	11057	2245
10431	11996	12
10431	11618	91
10431	13930	504
13204	12884	116
13204	10431	89
13204	13871	470
13204	14893	41
13204	14908	29
13204	15370	57
13204	11617	1
13204	11884	15
13204	14112	4
13204	13485	1
13204	10257	982
13204	10849	5
13204	15919	1
13204	13198	1536
10431	12266	180
10431	11433	202
10431	10868	3
10431	14492	15
13204	13230	271
10431	14685	2
13204	15376	11
13204	13931	630
13204	12339	1579
13204	14576	492
13204	15016	2051
10431	12953	154
13204	11146	144
13204	10158	461
13204	10874	567
10431	15412	5
10431	15323	2
10431	12323	1
13204	15024	24
13204	13277	3
10431	10599	1
13204	14730	601
10431	11995	4
13204	11973	1
13204	14098	273
13204	11267	421
13204	10140	707
13204	12191	2375
13204	10279	8
13204	14307	1413
13204	10713	4
13204	13796	64
13204	14570	56
13204	12448	395
13204	13296	950
13204	10800	7
13204	14831	96
13204	14057	108
13204	12206	3
13204	12391	918
13204	12896	11
13204	12992	2
13204	13851	63
13204	13891	3
10431	10980	2
10431	13204	92
13204	10643	62
13204	10685	241
13204	11721	419
13204	13367	169
10431	12339	1
10431	14633	1
13204	14761	52
13204	14082	1
13204	10868	1
10431	12448	2
10431	10994	2
13204	10299	1
13204	10208	1
10431	12264	1
13204	12278	1
13204	15607	2
10431	14092	2
10431	11066	1
13204	10146	1
10431	13198	1
10431	10693	2
13204	12954	1
13204	14262	1
10431	11278	1
13204	10980	1
10431	12945	1
