10721	11042	865
10721	11066	107
10721	11278	6618
10721	12264	3531
10721	12339	536
10721	12953	4287
10721	13244	1293
10721	13487	2633
10721	13495	312
10721	13930	7897
12339	10397	6532
12339	10529	11
12339	10721	574
12339	11292	3759
12339	11423	5
12339	11433	2659
12339	11618	836
12339	12264	1107
12339	12953	1497
12339	13198	832
12339	13930	5013
12339	14122	13
10721	11292	3973
10721	12173	6
10721	12889	1194
10721	12892	4058
10721	14679	571
10721	14747	1021
10721	14771	4392
10721	14908	22
10721	10397	7066
10721	10693	144
10721	11057	7098
10721	11298	4422
10721	11697	2004
10721	12451	298
10721	13230	53
10721	13303	1782
10721	14027	789
10721	14100	5848
10721	14107	3149
10721	14492	1223
10721	14570	124
10721	14869	1264
10721	15024	379
10721	15304	870
12339	11057	3991
12339	11278	1694
12339	13495	40
12339	14100	1699
12339	14107	2134
12339	14679	125
12339	12889	1255
12339	13204	1599
12339	13342	515
12339	10821	1388
12339	11697	631
12339	14635	871
12339	15304	1237
10721	10821	4473
10721	13204	2615
10721	13342	1520
10721	14635	1630
10721	14098	253
12339	14986	340
10721	14986	414
12339	11298	2862
13486	10466	76
13486	12889	82
13486	12892	61
10721	10414	58
10721	11193	1599
10721	12478	3254
10721	14231	394
10721	14539	26
12339	12478	325
10721	14843	1284
10721	15016	741
12339	11823	18
12339	13303	371
12339	13487	2463
12339	11193	57
12339	11612	3
12339	14730	43
12339	14908	52
10721	10158	232
10721	13577	222
10721	10257	246
10721	11433	3101
10721	11618	2506
10721	14307	127
10721	14321	48
10721	14057	539
10721	14875	19
12339	11042	676
12339	12892	529
12339	14492	385
10721	10529	134
10721	10785	20
12339	11066	18
12339	11986	9
12339	13244	1008
10721	14576	468
10721	13296	105
10721	14524	750
10721	12266	2257
13486	10620	11
13486	10849	13
13486	11292	856
13486	12156	8
13486	12280	1
12339	10140	18
12339	10423	43
12339	10800	5
12339	11540	20
12339	12266	1653
10721	10423	317
10721	10792	1112
10721	12954	254
10721	14122	1473
10721	14831	328
10721	12250	28
10721	14648	50
10721	10154	59
10721	12932	56
10721	13541	45
10721	14306	12
10721	10361	7
10721	13796	25
10721	15096	311
10721	14025	291
13486	13487	492
13486	14747	749
13486	14869	1226
13486	13930	10
12339	10693	30
10721	10299	13
10721	10849	9
10721	12197	13
10721	13232	1610
12339	10785	6
12339	11267	22
12339	13230	1
12339	13232	1844
12339	13485	1
12339	15016	33
12339	15412	3
10721	14683	81
10721	13851	1
12339	14683	2
10721	11884	12
12339	14869	809
12339	12945	2
10721	11140	1
10721	13198	353
12339	13871	23
13486	11648	13
13486	11884	11
13486	12003	2
12339	10685	1
10721	13485	15
10721	10589	115
10721	10372	1
12339	13931	2
12339	13184	1
12339	10994	26
12339	14696	6
13194	12889	2
12339	14685	29
12339	10792	1
12339	14524	4
12339	13296	19
10721	12244	4
10721	10990	1
13486	14487	1
12339	15295	1
10721	12448	15
10721	13931	3
12339	15323	1
10721	10469	2
13486	10713	1
12339	14771	14
13486	10431	1
13486	12441	1
12339	14576	1
12339	11995	3
10721	14730	32
12339	11973	1
10721	13490	2
10721	10581	2
10721	12323	1
10721	15376	25
12339	14307	2
12339	15096	10
10721	10140	23
10721	12191	111
10721	11259	240
12339	11259	139
12339	10599	6
10721	10713	1
10721	10599	4
10721	11481	16
12339	13891	73
10721	12206	3
12339	13796	13
12339	13851	3
10721	12391	1
12339	14831	15
12339	14893	21
12339	14747	2
12339	14057	1
10721	10874	234
12339	10874	4
10721	10135	2
10721	10434	1
10721	11977	11
12339	14108	1
10721	13832	3
10721	10732	1
10721	10800	3
10721	13871	3
13486	10627	1
13486	13264	1
12339	12992	2
12339	11252	6
12339	12451	2
10721	11996	2
10721	11203	1
13486	14771	1
12339	14027	10
12339	15370	1
10721	11540	2
12339	11996	1
13486	10140	1
13486	11278	1
10721	10431	1
10721	10994	8
12339	11624	2
12339	12323	2
12339	13367	1
10721	11624	1
12339	12197	1
12339	12191	1
10721	12992	5
12339	12173	1
12339	14321	3
13486	10779	1
10721	11995	1
10721	15070	1
10721	14893	1
12339	12896	1
12339	14570	4
