11057	10397	13316
11057	10821	6840
11057	12217	1506
11057	13204	8771
11057	11193	3190
11057	11641	2646
11057	13244	4159
11057	14524	4497
11057	10792	2975
11057	11267	2070
11057	11278	5633
11057	11292	4879
11057	11618	7730
11057	12451	4994
11057	12478	2978
11057	12889	4912
11057	13931	3905
11057	14098	1835
11057	14100	7096
11057	14107	10080
11057	14122	6786
11057	15016	3165
11057	15304	7898
11057	10135	1466
11057	10208	2150
11057	10257	2004
11057	10423	1606
11057	10431	2243
11057	10529	4295
11057	10599	2776
11057	10693	4705
11057	10721	7047
11057	10868	2074
11057	10874	1573
11057	10990	2066
11057	10994	4591
11057	11042	4106
11057	11066	3051
11057	11146	1347
11057	11252	1953
11057	11433	6224
11057	11617	2046
11057	11624	1661
11057	11697	6928
11057	11699	1524
11057	11953	1252
11057	11995	4711
11057	11996	2462
11057	12124	1056
11057	12197	788
11057	12223	669
11057	12264	3788
11057	12323	4393
11057	12339	3752
11057	12945	1658
11057	12953	8426
11057	13139	1708
11057	13230	2855
11057	13296	654
11057	13303	5391
11057	13487	3411
11057	13577	3493
11057	13795	2710
11057	13930	8258
11057	14027	4684
11057	14092	1513
11057	14307	3518
11057	14492	7103
11057	14574	2344
11057	14635	5786
11057	14685	3751
11057	14704	691
11057	14730	2742
11057	14843	3295
11057	14986	2041
11057	15024	1439
11057	15096	2308
11057	15323	1399
11057	15412	2361
11057	14193	1612
11057	14683	1774
11057	10434	803
11057	11298	9687
11057	12992	1153
11057	13277	672
11057	13422	750
11057	15249	1338
11057	12266	7717
11057	13198	2367
11057	13342	1093
11057	13360	1247
11057	10781	762
11057	11973	1067
11057	12448	1005
11057	12892	4148
11057	13495	4262
11057	14321	804
11057	14576	823
11057	14679	1385
11057	14747	1120
11057	14771	3589
11057	15624	982
11057	10980	1562
11057	15919	754
11057	15027	178
11057	11921	1
11057	13485	24
11057	11423	2
11057	14869	28
11057	13232	1
11057	12954	2
12494	14122	1
12494	11042	59
11057	15411	1
11057	10140	9
11057	11986	2
11057	11109	1
11057	14696	2
11057	11540	1
11057	10581	1
11057	11259	1
11057	10643	2
11057	13891	1
11057	14057	1
