15370	10397	1597
15370	11278	9
15370	11433	508
15370	13244	878
12511	13198	18
15370	13930	1902
15370	12266	1880
15370	13851	122
15370	14869	312
15370	11298	4525
15370	13487	223
15370	11292	2729
15370	15919	19
11041	12892	1198
11041	14679	50
15370	12892	179
15370	13198	23
15370	15016	796
15370	14679	11
15370	14783	7
12511	11298	367
11041	13891	2
15370	14831	8
15370	10627	1
15370	11778	3
15370	11618	129
15370	12992	11
11041	10561	1
15370	12448	1
11041	14893	1
15370	10693	39
15370	12264	3
11041	14771	1
11041	14908	1
15370	14107	898
15370	10140	28
15370	11259	1369
15370	10423	40
15370	12191	1100
15370	12889	608
15370	10800	26
15370	10821	14
15370	14683	150
15370	11066	7
15370	11140	12
15370	14747	7
15370	12896	8
15370	13796	5
15370	13931	2
15370	14730	21
15370	14893	25
15370	14908	19
15370	15304	25
15370	15376	7
15370	10529	1
15370	10713	9
15370	11042	13
15370	11481	1
15370	11540	2
15370	13204	18
15370	13232	7
15370	13495	3
15370	13871	3
15370	14057	4
15370	14771	4
15370	12339	1
15370	14122	1
15370	12278	9
15370	10185	1
15370	11423	1
15370	13303	50
15370	12891	2
12511	10643	1
12511	12278	1
15370	12953	17
15370	14492	1
15370	14524	1
15370	10721	1
15370	14814	3
15370	10590	1
15370	10257	1
15370	14960	1
12511	14783	1
11041	14683	3
15370	11503	3
15370	15096	1
