14524	11433	1148
14524	13487	317
11637	10721	1
11637	12339	7
11637	12953	12
11637	13342	15
11637	13487	2770
14524	10397	6434
14524	11057	4407
14524	11193	498
14524	12478	547
14524	13303	307
14524	14193	10
14524	15024	6
14524	12264	990
14524	13930	2663
14524	13204	629
11637	10466	106
11637	12889	74
11637	12892	68
11637	14761	64
14524	11298	1787
11637	13930	1231
12012	11298	508
14524	10721	752
14524	13796	1
11637	11292	1247
12012	12266	403
12012	11292	660
14524	11618	694
14524	12266	533
14524	11042	532
14524	10990	29
11637	14869	361
14524	13232	1
14524	12889	28
14524	14100	1636
14524	10135	1
14524	14492	35
14524	10821	54
11637	11775	9
11637	13244	1
14524	11995	10
14524	11278	75
14524	14098	17
14524	13931	52
14524	10431	3
14524	10994	3
14524	14685	3
11637	14457	1
14524	14771	1
14524	14574	16
14524	11146	3
14524	11778	1
14524	11292	1
14524	12953	700
14524	13198	2
14524	13495	16
11637	10590	5
11637	10627	10
11637	11898	6
12012	11109	1
12012	13502	7
14524	15412	2
14524	10257	1
14524	10792	1
12012	11413	1
14524	10423	16
14524	13851	4
14524	14057	9
14524	14679	23
14524	11697	371
12012	11278	2
11637	10821	2
11637	11433	2
11637	10693	1
14524	11986	1
14524	13139	3
14524	13422	1
14524	15016	26
11637	10397	1
11637	11278	1
11637	13871	1
14524	12323	3
14524	10785	1
14524	11066	3
14524	11423	1
14524	15304	1
11637	11003	1
14524	13121	1
14524	13230	2
14524	15096	1
11637	13433	1
11637	14057	1
14524	12124	1
11637	10620	2
14524	13577	2
14524	14635	1
14524	12992	1
11637	11423	2
14524	15323	1
12012	14122	1
14524	13244	1
14524	10693	2
14524	14092	1
14524	11641	2
14524	14122	1
14524	14107	1
14524	11996	1
12012	11503	1
14524	12339	1
11637	13851	1
11637	15389	9
