14222	12173	228
12478	10423	1029
12478	10721	3809
12478	10732	367
12478	10785	2614
12478	10792	2457
12478	11057	2891
12478	11292	824
12478	12264	1741
12478	12889	3692
12478	12892	10545
12478	12954	704
12478	13204	4330
12478	13930	1870
12478	14492	1305
12478	14576	1958
12478	14679	2075
12478	14747	1999
12478	14771	7968
12478	10800	613
12478	11298	935
12478	11697	3880
12478	12191	450
12478	12451	747
12478	13495	609
12478	13796	374
12478	14027	1452
12478	14057	711
12478	14107	2879
12478	14122	1362
12478	14254	242
12478	14635	1211
12478	14831	253
12478	14843	3398
12478	14869	2737
12478	14893	238
12478	14986	663
12478	15096	2412
12478	15304	1807
12478	14321	1160
12478	13303	3195
12478	11278	1300
12478	15016	222
12478	10821	327
12478	12953	1682
12478	13487	1045
12478	11433	970
12478	10257	176
12478	10397	2634
12478	14100	198
12478	14683	210
12478	10529	169
12478	11537	1
12478	11618	499
12478	12197	26
12478	12266	140
12478	13342	4
12478	14524	602
12478	15024	668
12478	11042	275
12478	11193	565
12478	13931	648
12478	15070	3
12478	10849	1
12478	11066	372
12478	14307	15
12478	13244	4
12478	12339	284
12478	13891	45
12478	13296	2
12478	14802	1
12478	11577	1
12478	12397	3
12478	10577	2
12478	10693	7
12478	13871	2
12478	11267	1
12478	11986	1
12478	13198	2
12478	14711	2
12478	14730	1
12478	12391	5
12478	11423	15
12478	12156	4
12478	10434	1
10154	10721	39
10551	10299	366
12478	13121	34
12478	11503	420
12478	10713	9
12478	13485	2
12478	12323	1
12478	14685	2
12478	12945	1
10154	14771	1
10154	12250	1
12478	14908	8
12478	10135	2
12478	12244	1
10551	11227	2
12478	13230	1
12478	10994	1
