14747	10140	668
14747	10423	658
14747	10599	7
14747	10693	5
14747	10713	1929
14747	10792	25
14747	10800	1402
14747	10821	7
14747	10994	4
14747	11259	297
14747	11292	9574
14747	11433	2681
14747	11540	16
14747	11697	3
14747	11884	5410
14747	12191	29
14747	12264	2306
14747	12339	3
14747	12889	4016
14747	12892	5851
14747	12992	8
14747	13158	2
14747	13198	531
14747	13204	1153
14747	13232	1386
14747	13296	18
14747	13487	5856
14747	13495	91
14747	13796	3062
14747	13871	47
14747	13891	1460
14747	14057	6852
14747	14100	1299
14747	14107	6039
14747	14122	15
14747	14492	41
14747	14570	1198
14747	14679	3156
14747	14683	27
14747	14831	2678
14747	14869	4484
14747	14893	2718
14747	14908	2544
14747	15016	1136
14747	15304	9
14747	15376	665
14747	11057	1182
14747	12478	2211
14747	14771	7017
14747	10299	7970
14747	11470	789
14747	11618	2593
14747	12003	373
14747	12173	4524
14747	12266	4125
14747	12523	1632
14747	13422	1
14747	13930	9275
14747	16101	983
14747	10666	1738
14747	11648	657
14747	13486	757
14747	14489	774
14747	11298	6799
14747	10721	1051
14747	11603	824
14747	11638	373
14747	12156	235
14747	12954	1015
14747	13127	374
14747	13264	527
14747	14252	1462
14747	14262	1459
14747	10397	5469
14747	14689	339
14747	10275	461
14747	10620	509
14747	10849	543
14747	14303	579
14747	13830	2435
14747	11630	1771
14747	15023	334
14747	15041	183
14747	10529	18
14747	11193	653
14747	11278	1157
14747	15841	46
14747	14828	241
14747	11066	2
14747	13342	444
14747	12953	8
14747	12819	480
14747	12982	780
14747	12758	1078
14747	13244	697
14747	13303	655
14747	13851	6
14747	14256	59
14747	10926	33
14747	15991	9
14747	11042	17
14747	11315	1
14747	12451	6
14747	12441	23
14747	14635	3
14747	11921	1
14747	11617	1
14747	10590	4
14747	13964	14
14747	14685	1
14747	14576	1
14747	11721	1
14747	10157	1
14747	12896	1
14747	10874	1
14747	13024	7
14747	11445	1
14747	12280	1
14747	14321	1
14747	13139	1
14747	14307	1
14747	14698	1
