13495	11292	3760
13495	12264	1464
13495	13930	2869
13495	10721	369
13495	11298	3764
13495	12478	644
13495	12953	754
13495	13303	1033
13495	11042	261
13495	12266	6267
13495	10397	8231
13495	10693	1251
13495	11057	4234
13495	11618	1044
13495	12892	1915
13495	12992	10
13495	13204	1358
13495	14100	1055
13495	14635	3
13495	14730	59
13495	14771	440
13495	15304	1113
11540	11292	1005
11540	12266	1458
11540	12892	1057
13495	10599	529
13495	10781	113
13495	11278	1246
13495	11433	823
13495	11973	40
13495	12448	29
13495	12915	8
13495	12951	34
13495	13198	325
13495	13244	1717
13495	13422	17
13495	14683	204
13495	14814	14
13495	15016	724
13495	15624	8
13495	11193	520
13495	10423	134
13495	13487	726
11540	10397	1342
11540	11298	3874
11540	13851	13
11540	15376	22
13495	12191	2693
13495	13277	2
13495	14193	23
13495	11066	31
13495	14107	755
13495	15249	4
13495	11697	783
13495	12889	1244
13495	14027	15
13495	14685	5
13495	14869	465
11540	10140	418
11540	14107	3609
11540	13930	1207
14487	14771	902
15411	11298	1102
14487	10157	16
14487	12892	145
13495	15412	16
13495	10792	23
13495	12339	24
15411	12266	411
13495	13871	12
13495	14492	36
13495	12217	1
13495	13241	2
11540	15096	1
13495	12323	11
13495	13931	50
11540	14689	1
11540	14908	17
11540	16218	7
13495	13296	20
13495	14122	32
13495	14307	18
11684	11042	25
11540	13796	20
11540	14683	673
11540	14771	14
11540	14730	12
13495	10821	1649
13495	10627	1
11540	10713	18
13495	13342	397
13495	15370	25
11540	14588	1
11540	10747	1
11540	10423	884
14487	13264	1
11540	14679	427
11540	15016	59
13495	10529	43
13495	12451	46
11540	13871	18
13495	14321	11
11540	10279	9
13495	10140	39
13495	11259	2080
13495	13232	960
11540	12889	1149
13495	10257	23
11540	13232	79
11540	11259	1441
11540	12191	1065
11540	13204	30
11540	10821	98
11540	10693	140
13495	10713	2
13495	13796	150
11540	10721	7
13495	10800	23
11540	11066	1
13495	11140	10
13495	12896	16
11540	11481	1
13495	11540	13
13495	14747	49
13495	14057	38
11540	14747	33
11540	12206	8
13495	12206	1
11540	12339	9
13495	12391	16
11540	12448	22
11540	12451	6
13495	14679	175
11540	12896	16
13495	13158	11
11540	13198	19
11540	15304	65
11540	13296	9
11540	13495	11
13495	13851	83
13495	13891	28
11540	13891	4
11540	14057	13
13495	14893	28
11540	14893	55
11540	14492	7
13495	14570	6
11540	14570	12
11540	10599	4
11540	14831	31
13495	14831	6
11540	14869	4
13495	14908	18
15411	13198	1
13495	12197	1
11540	10590	2
14487	10590	1
15411	14814	5
11540	12278	2
11540	12953	66
11540	13931	13
11540	14100	10
11540	11638	2
11540	12264	1
11540	12954	1
11540	14262	4
11540	10529	6
11540	11057	2
11540	11618	1
13495	10994	1
13495	11252	5
13495	13360	2
13495	10185	5
13495	14108	1
13495	14524	5
13495	11503	1
11540	10792	2
11540	11433	9
11540	12391	1
11540	13487	1
11540	15370	2
11540	12217	1
11540	13158	3
11540	14814	1
15411	11905	2
15411	10423	1
13495	13377	1
15411	12278	1
13495	11146	1
13495	14109	1
13495	11481	1
15411	10728	1
11540	10800	1
13495	10158	1
13495	14843	1
