14321	10721	35
14321	11057	781
14321	11278	941
14321	13198	6
14321	11618	1041
12280	11292	661
12280	10713	10
12280	14869	1315
14321	10581	14
14321	11433	1007
14321	13930	965
14321	14100	1893
14321	12953	1509
14321	12264	808
14321	14307	11
14321	10821	873
12280	10466	84
12280	12889	67
12280	12954	70
14321	10397	1154
12280	15370	1
14321	12217	5
14321	12266	11
14321	12339	12
14321	14027	5
14321	14122	3
14321	14635	9
14321	10785	7
14321	13296	11
13196	10299	4
14321	12478	1169
14321	13204	390
14321	11042	2
12280	14113	5
12280	15389	5
14321	10693	5
14321	13244	7
12280	12441	7
12280	11884	1
14321	12884	5
14321	15412	4
14321	14492	1
14321	10529	4
14321	10257	2
12280	11637	1
12280	14057	1
14321	14771	1
14321	14730	2
14321	11292	1
12280	15041	1
