12992	10397	2764
12992	11278	48
12992	11433	254
12992	13244	1337
10685	10397	2901
10685	13204	258
10685	14635	161
12992	11298	2619
10685	11298	345
10685	13930	703
12992	13930	1780
12992	11292	871
12992	12266	1111
12992	11618	112
13282	12264	209
10685	13487	219
11587	11433	202
12992	13495	10
12992	11057	1203
10685	11433	378
11587	13487	42
10685	11067	3
12297	12889	8
12992	15016	867
13282	11278	1
12992	12264	20
12992	13795	1
12992	14685	5
13282	11027	4
12992	12339	1
12992	15412	3
12992	12448	5
12992	13422	2
12992	15370	16
12992	10599	2
12992	11778	9
12992	15919	21
12992	11308	1
12992	10693	12
12992	13198	3
12992	14869	8
12992	14107	638
10685	13342	1
10685	15016	4
12992	10781	3
12992	11259	1666
12992	12191	539
10685	11423	1
14237	11292	13
10685	12896	1
12992	13851	4
12992	11042	10
11587	12335	2
10685	14952	1
10685	12339	4
11587	13459	2
12992	14683	7
10685	14696	1
10685	14108	4
12992	12896	2
13282	14122	3
12992	10140	28
12992	10279	3
12992	10423	131
12992	10529	7
12992	10721	2
12992	10821	386
12992	11481	4
12992	11540	7
12992	11697	1
12992	12206	1
12992	12889	530
12992	12892	7
12992	12953	4
12992	13158	10
12992	13204	2
12992	13232	492
12992	13487	1
12992	13796	55
12992	13891	30
12992	14057	12
12992	14122	1
12992	14307	4
12992	14492	36
12992	14679	3
12992	14747	4
12992	14893	5
12992	14908	9
12992	15304	7
10685	13232	2
10685	14689	1
10685	13485	1
10685	14492	1
10685	11612	1
10685	12884	1
10685	13367	1
12992	14814	2
12992	11995	1
12992	12323	3
12992	11193	2
12992	13377	1
13282	12945	1
12992	14783	1
12992	14730	1
12992	10980	1
12992	11140	1
12992	14831	1
