10185	12266	753
10821	11042	2105
10821	11618	628
10821	13930	3761
10821	11278	608
10821	14100	2429
10821	12451	2193
10821	11057	6683
10821	12119	41
10821	13204	4277
10821	14027	2023
10821	14107	3475
10821	10397	7115
10821	10423	1103
10821	10529	2697
10821	11292	4500
10821	11298	3263
10821	12264	329
10821	12266	1919
10821	12339	1411
10821	12478	311
10821	12953	1889
10821	13244	1109
10821	13931	1938
10821	10140	722
10821	10257	2342
10821	10721	4416
10821	10792	2203
10821	11259	674
10821	11540	56
10821	11697	3252
10821	12391	1902
10821	13198	1149
10821	13232	2197
10821	13296	2820
10821	14122	1505
10821	14307	3084
10821	14492	2298
10821	14635	2324
10821	14730	1184
10821	15016	1925
10821	15304	3016
10821	10599	1178
10821	10693	2354
10821	10994	415
10821	11066	1538
10821	11433	3386
10821	11481	748
10821	11996	169
10821	12191	1894
10821	12206	21
10821	12448	402
10821	12889	1581
10821	12892	1657
10821	12896	13
10821	12992	418
10821	13342	1406
10821	13487	2013
10821	13495	1452
10821	13851	504
10821	14570	185
10821	14679	1131
10821	14683	1245
10821	14747	30
10821	14869	1884
10821	14893	49
10821	15376	26
10821	13796	264
10821	14057	78
10821	14831	107
10821	11140	6
10821	13158	5
10821	13891	13
10821	14771	664
10821	15370	11
10821	13871	31
10821	14524	33
10821	12365	1
10821	13230	21
10821	11193	797
10821	10990	2
10185	11298	639
10821	11986	803
10821	12217	469
10185	10397	1119
10821	13303	1022
10821	14576	978
10821	11267	907
10821	13032	46
13541	10721	28
10821	11624	52
10821	13577	1
10821	14685	3
10821	11537	7
10821	10713	7
10821	11995	15
10821	14843	779
10821	14321	769
10821	14986	383
10821	13485	1
10185	11973	2
10185	13495	9
10185	13377	2
10821	10135	7
10185	14193	1
10185	15304	1
10185	10781	6
10821	10431	1
10185	12951	4
10821	11612	6
10821	13256	3
10821	10800	10
10821	11884	13
10821	14908	28
10821	12397	1
10821	10434	2
10821	14098	4
10821	14574	2
10821	10581	1
10821	14704	5
10821	11953	1
10821	13795	1
10821	10868	16
10185	14814	2
10821	12197	3
10821	12278	14
10185	12191	1
10821	12323	1
10821	15096	1
10821	11637	2
10821	14711	1
10821	10785	1
10821	13277	1
10821	14254	1
10185	10713	1
10821	15624	1
10185	12448	1
10185	13422	1
10185	11433	1
10185	11278	1
13541	11615	1
