13303	10397	8533
13303	11042	642
13303	11057	5566
13303	11618	3105
13303	11624	2284
13303	11697	1078
13303	12266	3429
13303	12451	1072
13303	12953	3043
13303	13204	2967
13303	14027	272
13303	14100	2783
13303	14635	1108
13303	15304	1925
13303	10994	260
13303	11278	3018
13303	11292	2103
13303	11433	2085
13303	11995	266
13303	12264	1870
13303	12478	3294
13303	12892	3279
13303	13198	2
13303	13495	1107
13303	13930	5602
13303	14107	510
13303	14685	140
13303	14730	306
13303	14771	1503
13303	14843	4678
13303	14908	5
13303	15024	2055
13303	13244	1501
13303	15027	897
13303	11298	5731
13303	13360	7
13303	13487	1750
13303	13931	344
13303	14492	1041
13303	14570	1
13303	15249	382
13303	11193	911
13303	13577	1
13303	10821	1042
13303	14986	16
13303	12339	376
13303	11066	507
13303	12889	1297
13303	10721	1776
13303	14893	6
10779	10620	1
10779	14869	450
13303	10529	765
13303	10693	603
13303	11503	357
13303	11953	335
13303	14122	304
13303	14193	341
13303	14524	336
13303	15016	1250
13303	15412	201
13303	10599	202
13303	14679	7
13303	14747	628
13303	15370	37
10409	13487	199
10779	10849	3
10779	11648	1
12519	13487	102
13303	11252	5
13303	10800	2
13303	12448	1
10779	11884	1
10779	12156	1
12519	10627	1
10779	13486	2
13303	14307	4
13303	14574	8
13303	10140	2
13303	12094	36
11445	10299	120
11445	14738	1
13303	14321	1
13303	14869	15
10779	10713	1
13303	10792	1
12519	10141	1
13303	11003	1
13303	12217	1
12519	11898	1
13303	11481	2
13303	13422	1
13303	10185	1
13303	13296	1
13303	10423	1
13303	13891	1
13303	11986	1
13303	15624	1
13303	11267	1
