12896	12266	741
12896	13244	640
12896	10279	39
12896	11540	7
12896	10423	544
12896	12448	4
12896	11298	2127
12896	10140	379
12896	10599	2
12896	10693	39
12896	10800	2
12896	11140	5
12896	11259	1695
12896	11292	20
12896	11697	3
12896	11884	2
12896	12191	353
12896	12206	6
12896	12451	1
12896	12889	480
12896	12892	7
12896	12992	8
12896	13198	2
12896	13204	4
12896	13232	5
12896	13495	3
12896	13796	14
12896	13851	10
12896	13891	26
12896	14057	3
12896	14107	190
12896	14122	2
12896	14492	1
12896	14570	1
12896	14679	1
12896	14683	6
12896	14771	1
12896	14869	11
12896	15016	23
12896	15370	11
12896	14747	1
12896	14674	1
12896	10136	1
12896	13158	15
12896	10397	1
12896	14842	1
12896	14814	1
12896	11996	1
