14193	10397	6306
14193	11042	4
14193	11721	14
14193	12264	409
14193	13232	4
14193	13930	339
14193	13931	13
14193	14098	1
14193	14524	4
13422	10397	2192
13422	13244	789
14193	13244	1036
14193	11298	1276
13422	11298	661
14193	13303	340
14193	15624	35
13422	12266	915
14193	12266	1143
14193	13204	44
13422	11973	19
14193	15304	30
14193	11481	10
13422	14193	32
14193	11057	1646
13422	10781	3
14193	12451	11
13422	14771	1
13422	11057	750
14193	13795	2
14193	13342	9
14193	13495	28
14193	15249	12
14193	13422	36
14193	14635	5
14193	11624	1
13422	10693	3
13422	12448	8
14193	14492	1
14193	11973	7
14193	13076	1
14193	10721	1
14193	11996	1
13422	10599	14
13422	13495	20
14193	11140	1
13422	15624	2
14193	10821	2
14193	14027	3
14193	11292	1
13422	11481	3
14193	13277	2
13422	12451	3
13422	13277	5
14193	12448	3
13422	11308	2
13422	15249	4
14193	11278	2
14193	13485	1
10950	11292	45
14193	14307	4
14193	11423	1
14193	12217	1
13422	10721	1
13422	12951	1
14193	10599	7
14193	10781	1
14193	14747	1
14193	10643	1
14193	11697	5
14193	12478	1
13422	13303	1
14193	11433	2
14193	14730	3
14193	15016	4
14193	12197	1
14193	11267	1
14193	12191	1
14193	12339	2
14193	11931	1
13422	11292	1
14193	14683	1
13422	13204	1
14193	14685	1
13422	14683	1
13422	11697	1
14193	14986	2
14193	15096	1
13422	10994	1
14193	10693	1
14193	15607	1
14193	13360	1
13422	14027	1
13422	12217	3
14193	12953	1
14193	11308	1
