14831	10140	120
14831	10257	10
14831	10423	1265
14831	10599	3
14831	10693	44
14831	10713	309
14831	10721	314
14831	10792	6
14831	10800	897
14831	10821	137
14831	11042	1
14831	11066	22
14831	11140	2
14831	11259	59
14831	11292	3666
14831	11433	124
14831	11540	11
14831	11697	31
14831	11996	3
14831	12191	124
14831	12264	7
14831	12339	4
14831	12889	2207
14831	12892	4496
14831	12896	1
14831	12992	9
14831	13158	9
14831	13198	48
14831	13232	850
14831	13342	26
14831	13487	1469
14831	13495	22
14831	13851	4
14831	13871	21
14831	13891	809
14831	14057	2441
14831	14100	57
14831	14107	4335
14831	14122	6
14831	14307	9
14831	14492	70
14831	14570	728
14831	14679	1311
14831	14683	116
14831	14730	4
14831	14747	2619
14831	14869	1528
14831	14908	971
14831	15016	20
14831	15370	12
14831	15376	196
10135	13930	1624
11423	11292	2997
11423	12266	370
11423	13930	3380
14831	11638	15
14831	12266	2140
14831	12758	357
14831	13388	111
14831	13476	17
14831	13796	161
14831	13830	304
14831	14689	7
14831	14771	792
14831	14893	171
14831	10397	901
14831	11298	3680
14831	15304	9
14831	13296	1
11423	13367	10
11423	13871	21
10135	11278	3
10135	11618	75
10135	12264	714
10135	12953	9
10135	14100	1163
10135	14307	3
11423	13487	1925
11423	14107	638
11423	10397	1038
11423	10268	5
11423	10721	38
11423	11278	207
11423	11433	1091
11423	13244	946
11423	13232	2
14831	13930	1400
13290	11042	1
11423	13198	18
10135	11433	865
13290	11298	752
11423	11298	1547
10135	10397	673
10135	11057	1468
11423	13342	384
11423	11003	18
14831	11278	56
14831	11884	9
14831	12982	33
14831	12173	985
14831	15023	6
14831	13303	1
14831	12478	260
14831	12954	1
11423	11193	10
10135	14711	1
11423	14057	7
11423	13204	148
10135	10693	1
11423	10590	2
14831	10590	1
10135	13204	295
11423	12889	63
11423	12892	57
10135	14761	98
10135	14112	88
11423	14112	91
11423	14761	59
11423	10685	4
11423	14893	1
13290	12278	1
13290	13930	195
13290	15070	1
10135	10529	5
10135	13230	2
13290	13198	5
11423	14683	9
11423	10800	4
11423	13476	1
11423	14908	3
11423	11775	3
10135	14122	2
10135	10792	2
11423	15048	1
10135	11697	159
10135	12197	3
10135	10257	2
11423	11267	1
10135	10434	9
10135	10721	3
10135	10821	4
11423	10627	1
11423	13495	1
10135	12365	1
11423	14122	25
14831	12953	1
10135	10994	1
10135	11298	1
11423	13076	1
14831	13204	3
11423	11618	2
11423	15304	1
10135	12478	3
14831	13244	2
11423	15016	2
10135	13296	1
11423	13029	1
11423	14771	1
11423	11637	1
14831	10157	1
11423	12339	2
11423	13303	1
10135	14574	1
11423	14457	1
10135	11193	1
14831	14262	1
11423	11066	1
10135	10785	1
11423	14492	1
11423	15370	1
