11259	11298	233
11259	13244	626
11308	10397	797
11308	11481	4
11259	12266	1363
10800	14869	789
11259	11433	95
11259	14908	12
10800	11292	763
11308	14986	1
10800	14057	757
10800	14107	3762
11308	14685	1
10800	12892	381
10800	13891	74
10800	14747	1281
11308	13277	2
10800	14679	74
10800	14771	1132
11308	10146	1
11308	15249	1
11308	12217	2
10800	10140	98
10800	10257	3
10800	10279	17
10800	10423	125
10800	10693	8
10800	10713	59
10800	10721	6
10800	10792	31
10800	10821	21
10800	11042	17
10800	11259	19
10800	11433	4
10800	11540	11
10800	11697	7
10800	11884	64
10800	12191	121
10800	12889	2609
10800	12896	5
10800	12992	3
10800	13198	2
10800	13204	9
10800	13232	151
10800	13487	3
10800	13495	16
10800	13796	1486
10800	13851	20
10800	14122	3
10800	14307	9
10800	14492	26
10800	14570	100
10800	14683	12
10800	14831	835
10800	14893	908
10800	15016	13
10800	15304	41
10800	15370	1
10800	15376	17
11259	10140	2354
11259	10257	2
11259	10279	1403
11259	10423	3002
11259	10529	15
11259	10599	1027
11259	10693	532
11259	10713	22
11259	10721	284
11259	10800	14
11259	10821	725
11259	11066	4
11259	11140	276
11259	11292	994
11259	11481	210
11259	11540	1339
11259	11697	321
11259	11996	44
11259	12191	4097
11259	12206	463
11259	12264	16
11259	12339	120
11259	12391	12
11259	12448	23
11259	12451	35
11259	12889	1041
11259	12892	588
11259	12896	1751
11259	12953	11
11259	12992	1436
11259	13158	1284
11259	13198	2700
11259	13204	832
11259	13232	1190
11259	13296	5
11259	13342	161
11259	13487	252
11259	13495	2135
11259	13796	221
11259	13851	1387
11259	13891	65
11259	13931	14
11259	14027	2
11259	14057	173
11259	14100	203
11259	14107	1022
11259	14122	55
11259	14307	13
11259	14492	49
11259	14570	4
11259	14635	2
11259	14679	533
11259	14683	2790
11259	14730	12
11259	14747	309
11259	14771	36
11259	14831	72
11259	14869	42
11259	14893	62
11259	15016	2650
11259	15304	440
11259	15370	1458
10800	14908	142
10800	11066	4
10800	14730	2
11259	11884	1
10800	11298	2418
10800	14689	16
10800	11278	12
11259	15411	1
10800	11638	4
10800	14262	19
10800	11996	1
10800	12954	12
10800	12478	628
10800	13342	8
10800	12278	1
10800	11921	1
10800	14783	1
10800	10561	2
10800	10529	1
11259	11042	2
10800	13930	2
11259	11049	1
11308	14027	1
11308	15624	1
11308	11973	1
