10279	13244	322
10279	11298	1707
10279	12951	1
10279	13851	5
10279	10423	52
10279	10599	10
10279	10693	5
10279	10713	1
10279	11259	1343
10279	11292	680
10279	11481	1
10279	11697	1
10279	12191	237
10279	12206	3
10279	12339	1
10279	12889	480
10279	12892	7
10279	13158	10
10279	13198	5
10279	13204	4
10279	13232	7
10279	13495	7
10279	13891	18
10279	14100	5
10279	14107	9
10279	14492	2
10279	14683	5
10279	14831	7
10279	15016	6
10279	15304	16
10279	15370	3
10279	12266	634
10279	11540	3
10279	12896	31
10279	14842	1
10279	10140	1
10279	15376	1
10279	10590	2
10279	12891	1
10279	12278	1
10279	14869	1
