15024	13487	31
15024	12264	262
15024	13930	111
15024	14843	1423
12191	10140	1271
12191	10397	5259
12191	10423	2236
12191	11140	1284
12191	11298	1950
12191	12266	298
12191	13204	2333
12191	13256	3
12191	14679	1326
12191	14683	2055
12191	15016	1773
15024	11697	734
13139	11057	1671
15024	10721	400
15024	11298	92
15024	12478	690
15024	13204	26
15024	13303	2075
15024	15027	99
15138	15016	151
12191	12478	442
15024	11618	552
12191	10693	1642
12191	13930	4
12191	14098	12
15024	10397	1477
13139	10397	4
12191	11292	3137
12191	13342	33
15024	14100	983
15024	11057	1384
12191	14122	3
15024	14635	1
12191	12953	99
12191	13495	2607
12191	15304	1898
12191	11259	4178
12191	12889	1992
12191	14107	1998
12191	14771	52
15024	15304	1
13139	14492	1
13139	14574	6
13139	14635	1
12191	15411	1
15138	14783	2
12191	12339	53
12191	13851	1331
12191	11697	1156
13139	14524	4
13139	10990	4
13139	14100	1
13139	11278	2
13139	13121	1
13139	13931	1
13139	12889	1
12191	13796	1025
12191	15370	1199
12191	11481	699
12191	12206	1803
12191	10257	16
12191	10821	1962
12191	13232	2362
12191	10279	83
12191	14100	712
12191	13158	743
12191	12992	575
12191	10529	79
12191	12892	1703
12191	10599	861
12191	13891	88
12191	10713	2
12191	14869	71
12191	10721	55
12191	10792	23
12191	10800	123
12191	12448	1022
12191	10994	158
12191	12264	44
12191	11042	14
12191	11066	119
12191	11540	1034
12191	12896	301
12191	12451	603
12191	11433	63
12191	11884	13
12191	11996	129
12191	12391	76
12191	13198	594
12191	14747	101
12191	13296	18
12191	13487	47
12191	14831	34
12191	13931	57
12191	14057	27
12191	14893	218
12191	14492	193
12191	14570	209
12191	14635	3
12191	14730	94
12191	14908	41
12191	15376	26
12191	11049	1
13139	13230	1
12191	14814	2
12191	12217	1
12191	11612	1
12191	14027	7
12191	13871	4
12191	14307	5
