15412	11433	567
15412	10397	2865
15412	13204	221
15412	13930	1238
12492	12173	165
14489	14057	1222
15412	11298	897
15412	13303	192
15412	11057	2350
11867	11292	136
15412	13244	931
14489	14747	713
15412	15323	8
14489	14869	630
15412	12266	605
12397	11618	358
12397	14100	922
15412	11278	401
15412	11292	368
15412	11618	87
14489	14771	921
11867	13198	4
12397	11433	760
15412	13487	233
15412	11193	387
15412	10693	53
12397	11537	4
12397	12478	5
12397	14576	5
12492	13830	8
12397	12953	174
14489	11292	339
12397	10821	4
15412	12197	11
15412	14100	299
15412	12953	76
15412	10980	12
15412	12264	373
12397	10721	3
15412	12339	2
15412	10781	1
15412	15304	1
14489	12892	2
14489	10466	76
15412	11697	68
14489	12889	70
15412	14761	89
15412	14082	73
15412	14112	68
15412	10868	3
15412	14492	8
15412	14730	5
14489	13264	3
15412	12945	6
15412	11042	90
12397	10792	1
15412	11267	3
15412	10529	5
15412	10785	2
12397	15096	9
15412	10431	6
15412	14952	1
14489	11603	2
12492	12758	1
15412	13422	1
15412	14027	1
12397	10685	1
15412	10721	1
15412	10208	2
12397	10577	3
14489	10713	1
15412	12217	1
14489	14321	1
15412	12889	1
15412	14574	1
14489	14689	2
15412	10994	1
15412	12451	1
15412	14122	1
15412	13198	2
15412	10599	1
15412	10821	1
12397	12197	1
15412	14683	1
15412	10731	1
12397	10990	1
12492	13034	1
15412	13931	1
15412	15016	1
14489	13024	1
15412	13495	1
15412	12992	1
15412	14524	1
15412	14107	1
15412	12223	1
15412	11995	1
