14843	11697	2080
14843	12478	3649
14843	13204	2750
14843	13303	4774
14843	14254	64
14843	15024	986
14843	15027	1266
14843	15626	165
14843	10721	1288
14843	10529	489
14843	10397	5911
14843	11042	101
14843	11057	3245
14843	11618	772
14843	12264	2262
14843	13176	27
14843	13930	2338
14843	14100	3516
14843	10732	16
14843	12266	901
14843	14027	2
14843	15304	449
10599	12266	1275
14843	11298	2218
10599	10397	4745
10599	11433	637
10599	13244	971
10599	13487	348
10599	13930	681
10599	14635	8
10599	11292	495
14843	12451	2
10599	13277	23
14843	11433	265
14843	12953	160
14843	13487	165
10599	11057	2686
10599	14107	705
14843	10821	767
14843	12892	337
14843	13495	48
14843	14771	18
10599	12953	301
10599	14100	287
10599	14730	363
10599	11298	1383
10599	15624	5
10599	12217	17
10599	10980	8
10599	14122	17
10599	13422	14
14843	15016	44
10599	13303	187
14843	10158	11
10599	10693	528
10599	14869	20
10599	15016	510
10599	15304	696
10599	12448	11
10599	13495	630
10599	13577	1
10599	14193	8
10599	10140	32
10599	11259	1209
10599	12191	913
10599	12889	638
10599	13232	720
10599	10257	23
10599	10821	981
10599	10423	24
10599	13204	800
10599	12992	7
10599	10529	1
10599	10713	3
10599	10792	3
10599	11042	13
10599	11481	3
10599	11540	8
10599	11697	30
10599	12451	323
10599	12892	107
10599	12896	34
10599	13158	7
10599	13198	11
10599	13296	4
10599	13851	38
10599	13871	5
10599	13891	6
10599	14027	5
10599	14492	12
10599	14570	34
10599	14679	27
10599	14747	13
10599	14771	7
10599	14893	12
10599	15370	3
10599	11973	3
10599	11267	15
14843	14869	6
10599	11617	1
10599	12339	9
10599	13360	2
10599	11193	2
10599	11612	1
10599	11953	1
10599	10781	1
10599	12007	2
10599	11308	1
10599	14685	1
10599	11150	1
10599	10868	1
14843	11267	1
10599	13931	4
10599	10800	4
10599	15412	2
10599	11996	2
10599	14683	2
10599	12094	3
10599	15249	3
14843	13198	1
14843	14747	1
10599	13484	1
10599	13377	1
10599	12945	1
10599	10721	2
10599	13796	1
10599	14831	6
10599	15376	1
