10693	10257	20
10693	11292	4166
10693	11618	589
10693	12264	623
10693	12266	1421
10693	13930	3002
10693	11057	4538
10693	12945	13
10693	14100	2236
10693	10397	4615
10693	11278	1105
10693	11259	446
10693	11481	613
10693	11697	1035
10693	12451	1473
10693	13198	1286
10693	14492	1325
10693	15016	1145
10693	10821	2139
10693	10423	935
10693	10529	544
10693	10599	717
10693	10721	112
10693	10994	157
10693	11042	961
10693	11066	1201
10693	11433	3287
10693	11996	93
10693	12191	1590
10693	12339	29
10693	12953	1476
10693	13204	1719
10693	13232	2347
10693	13931	567
10693	14683	927
10693	15304	1530
10693	11540	75
10693	12889	1458
10693	12892	1618
10693	13495	1190
10693	13796	47
10693	13851	11
10693	14107	1556
10693	14679	600
10693	14730	40
10693	14831	79
10693	14893	171
10693	14635	431
10693	14908	86
10693	13158	24
10693	13891	156
10693	14747	128
10693	14771	97
10693	14057	11
10693	12992	7
10693	14570	58
10693	12206	20
10693	13871	246
10693	11140	11
10693	13296	36
10693	14307	61
10693	12391	12
10693	10792	14
10693	15376	63
10693	12896	17
10693	14122	48
10693	15370	13
10693	13487	1521
10693	14027	13
10693	10800	5
10693	13244	1124
10693	13303	592
10693	11298	3833
10693	15412	58
10693	13348	3
10693	13422	4
10693	13983	6
10693	10431	5
10693	11193	821
10693	12217	12
10693	14869	544
10693	13342	49
10693	10849	55
10693	14524	23
10693	14689	4
10693	14685	1
10693	10980	16
10693	12478	12
10693	11995	1
10693	15919	1
10693	14193	2
10693	15323	2
10693	15096	7
10693	10140	5
10693	10279	1
10693	10713	6
10693	13230	13
10693	11612	2
10693	13484	1
10693	13277	1
10693	11003	1
10693	13256	1
10693	12448	5
10693	14108	1
10693	11641	1
10693	11977	1
10693	11775	4
10693	10990	1
10693	13367	1
10693	11921	1
10693	14783	1
10693	11986	1
