14869	11292	12379
14869	11298	4817
14869	12478	2679
14869	12954	1633
14869	13930	3636
14869	10423	1239
14869	11525	417
14869	12266	3382
14869	12889	8113
14869	12892	6071
14869	14057	3841
14869	14107	9557
14869	14747	4715
14869	14831	1530
14869	15041	833
14869	10140	1867
14869	10299	931
14869	10397	8357
14869	10620	1270
14869	10713	3943
14869	10721	1201
14869	10779	440
14869	10821	1840
14869	10849	1315
14869	11066	5
14869	11097	219
14869	11109	697
14869	11122	513
14869	11193	1739
14869	11278	989
14869	11433	3821
14869	11618	1250
14869	11638	817
14869	11884	2671
14869	11921	706
14869	12156	813
14869	12173	1498
14869	12280	1357
14869	12441	1658
14869	13198	1208
14869	13204	1981
14869	13244	1909
14869	13486	1201
14869	13487	4065
14869	13796	2985
14869	13851	925
14869	13871	1136
14869	13891	1409
14869	14100	1213
14869	14252	1377
14869	14457	482
14869	14543	144
14869	14570	2901
14869	14679	3322
14869	14683	1153
14869	14771	2687
14869	14794	641
14869	14893	2355
14869	14908	2757
14869	15016	1463
14869	15304	133
14869	15376	919
14098	10397	3983
14098	11278	20
14098	13931	38
14098	14492	2
14098	14524	24
14869	10693	612
14869	10800	828
14869	11603	600
14869	11648	977
14869	11865	155
14869	12003	825
14869	12758	180
14869	13127	577
14869	13264	525
14869	13495	508
14869	14113	435
14869	14262	912
14869	14489	569
14869	15389	572
14869	12264	688
14869	12339	835
14869	15370	311
14869	10627	60
14869	10918	87
14869	11503	3
14869	11637	332
14869	14689	2
14869	14635	51
14869	10529	2
14098	11618	1
14869	13029	1
14869	12992	13
14869	12523	1
14869	13476	1
14869	10434	1
14869	12953	46
14869	11057	1
14869	14730	10
14098	14100	697
14869	13931	7
14098	11057	1816
14098	12264	2
14098	11292	236
14098	12953	294
14098	13204	260
11555	10299	170
14869	11076	1
14869	12191	214
14869	10372	2
14098	10821	2
14098	10792	1
14098	11995	1
14098	11641	2
14098	12889	1
14098	13139	1
14098	14574	2
14098	10529	1
14869	13232	1423
14869	11540	65
14869	10599	10
14869	13296	35
14869	11042	19
14869	11259	19
14869	11996	17
14869	14307	33
14869	10590	2
14869	13502	2
14869	10792	1
14869	11697	9
14869	12982	1
14869	11711	1
14098	13342	6
14098	13360	2
14098	10721	230
14098	10431	1
14098	10994	1
14098	13230	1
14098	14307	1
14869	12206	2
14869	14122	1
14869	14492	1
14869	10279	1
14098	11042	1
14869	13303	1
14098	12191	1
14869	14524	1
