12932	10721	54
15502	10397	52
13158	11298	1302
14543	11292	455
13158	12266	1261
13964	11603	3
13158	11292	656
13964	14771	473
13964	14057	78
14543	14869	151
13964	14747	23
13158	10140	351
13158	10423	93
13158	10599	30
13158	10693	15
13158	10821	2
13158	11140	9
13158	11259	1201
13158	11540	15
13158	11697	5
13158	12191	885
13158	12889	472
13158	12892	93
13158	12992	15
13158	13198	6
13158	13204	3
13158	13232	2
13158	13495	2
13158	13796	2
13158	13851	21
13158	14100	8
13158	14107	4
13158	14570	8
13158	14683	23
13158	14771	2
13158	14869	12
13158	14893	3
13158	15016	3
13158	15304	11
13158	15370	2
10590	10136	1
10590	10140	1
10590	10279	2
10590	10620	2
10590	10627	4
10590	10631	1
10590	10666	3
10590	10739	3
10590	11003	2
10590	11109	2
10590	11122	2
10590	11203	2
10590	11274	3
10590	11292	3
10590	11298	3
10590	11337	3
10590	11423	2
10590	11471	3
10590	11540	2
10590	11603	2
10590	11637	4
10590	11719	2
10590	11721	1
10590	11775	2
10590	11865	1
10590	11884	1
10590	11898	2
10590	11921	1
10590	11977	3
10590	11986	1
10590	12003	2
10590	12129	3
10590	12206	2
10590	12266	1
10590	12278	2
10590	12343	2
10590	12917	1
10590	13076	3
10590	13127	1
10590	13158	2
10590	13264	1
10590	13342	2
10590	13367	2
10590	13433	2
10590	13485	3
10590	13487	56
10590	13851	2
10590	13871	2
10590	14057	4
10590	14252	2
10590	14288	3
10590	14457	2
10590	14487	1
10590	14512	4
10590	14633	3
10590	14683	2
10590	14747	2
10590	14783	1
10590	14831	1
10590	14842	2
10590	14869	1
10590	14893	1
10590	14960	2
10590	15370	1
10590	15919	1
10590	16101	3
13158	10590	2
13158	10136	3
13158	10279	13
13158	12896	17
14543	11865	5
13158	13264	2
12932	12197	2
13158	14842	3
13158	14674	1
13964	13264	1
13158	14057	1
13158	12448	1
13158	12953	1
15502	12191	1
15502	13244	1
13158	13342	1
13964	14683	2
