14730	10397	3565
14730	11193	864
14730	11298	1858
14730	11433	1143
14730	13244	875
14730	13487	856
14730	12339	50
14730	12945	40
14730	12953	109
14730	11278	491
14730	13930	2245
14730	11057	2804
14730	14100	512
13034	13830	20
14828	12523	225
14730	14574	1
14730	10693	36
14730	13303	304
14730	12266	902
14730	11612	7
14730	12264	9
13034	12173	192
14730	13342	47
14730	12451	6
14730	10423	3
14730	10599	409
14730	10721	20
14730	10800	3
14730	10821	1169
14730	11042	489
14730	11292	1113
14730	11481	2
14730	11697	51
14730	12191	68
14730	12391	5
14730	12889	664
14730	12892	6
14730	13198	158
14730	13204	606
14730	13232	1922
14730	13296	7
14730	13495	37
14730	13871	13
14730	13931	16
14730	14027	13
14730	14107	560
14730	14570	30
14730	14679	67
14730	14683	1
14730	14831	32
14730	14869	15
14730	15016	925
14730	15304	522
14730	15370	27
14730	12223	2
14730	10529	5
14730	11066	10
14730	12992	3
14730	11267	12
14730	11618	328
14534	11292	175
14828	10299	149
14828	14747	208
13034	12758	2
14730	10994	24
14730	14747	1
14730	15412	5
14730	11252	4
14730	11996	5
14730	11146	5
14730	15454	1
14730	15295	1
14828	12819	50
14730	10434	3
14730	10140	5
14730	14524	3
14730	12217	1
14730	14492	1
14730	11641	1
14730	13230	1
14730	14771	1
14730	15376	8
14730	13577	2
14730	13485	1
14730	14122	1
14730	14696	2
14730	11995	1
14730	14908	1
