14307	10140	2
14307	10423	23
14307	10599	7
14307	10693	43
14307	10800	2
14307	10821	3123
14307	11042	644
14307	11066	49
14307	11259	9
14307	11292	67
14307	11481	9
14307	11697	833
14307	11884	3
14307	12191	14
14307	12339	16
14307	12391	3
14307	12451	100
14307	12889	671
14307	12892	6
14307	13198	3
14307	13204	1206
14307	13232	1214
14307	13495	18
14307	13851	8
14307	13931	4
14307	14027	132
14307	14100	3180
14307	14107	662
14307	14122	43
14307	14492	144
14307	14570	5
14307	14635	207
14307	14679	43
14307	14683	14
14307	14730	19
14307	14771	35
14307	14831	14
14307	14869	2
14307	14893	3
14307	14908	34
14307	15016	26
14307	15304	739
14307	15376	3
14307	11057	3330
14307	11618	730
14307	10721	120
14307	10257	8
14307	10529	30
14307	11278	1311
14307	12953	109
14307	13930	1168
14307	15096	3
14307	10397	1934
14307	13296	19
14307	12992	2
14307	12264	1211
14307	10135	1
14307	11433	1247
14307	13487	371
14307	14321	5
14307	14685	5
14307	10994	29
14307	12197	6
14307	14524	2
14307	11995	1
14307	12397	2
14307	14193	1
14307	12244	1
14307	12478	7
14307	11298	29
14307	13303	18
14307	10792	3
14307	11540	1
14307	12266	1
14307	14576	2
14307	13230	2
14307	14843	2
14307	14986	6
14307	11146	1
14307	14711	1
