14570	12892	2768
14570	14869	2808
14570	11292	3695
14570	12266	409
14570	12889	3641
14570	14107	3850
14570	14771	1689
14570	11298	1933
14570	14747	1122
14570	14831	802
14570	14893	46
14570	14100	23
13832	10257	18
14570	10721	69
14570	11066	9
14570	11697	11
14570	13198	15
14570	14122	20
14570	15016	131
14570	11884	217
14570	13930	654
14570	11278	33
14570	13931	23
13832	10721	4
14570	12264	10
14570	13891	105
14570	10713	389
14570	10800	69
14570	14679	820
14570	11638	6
14570	14487	1
14570	12478	1
14570	12441	2
14570	10529	2
14570	14057	542
14570	12191	209
14570	10397	1
14570	13796	917
14570	10849	1
14570	12003	1
14570	14262	2
14570	10157	2
14570	13851	11
14570	10140	3
14570	10257	32
14570	10821	137
14570	13232	810
14570	10423	13
14570	11540	8
14570	10693	95
14570	10599	21
14570	11140	1
14570	11259	31
14570	11433	7
14570	12206	2
14570	14683	38
14570	12339	10
14570	12451	16
14570	12896	3
14570	12992	1
14570	13158	4
14570	13204	11
14570	13296	3
14570	13487	10
14570	13495	3
14570	13871	14
14570	14307	2
14570	14730	44
14570	14908	217
14570	15370	7
14570	10994	1
14570	12448	7
14570	15376	4
