15624	10397	2613
15624	13244	792
15624	11298	1130
14092	11057	1471
11695	14107	1150
15624	12266	578
15624	11057	958
14092	13931	1
13862	10620	4
15624	13204	8
15624	14193	38
15624	10781	2
15624	11481	12
15624	13495	3
15624	14635	4
15624	15304	7
15624	13277	1
15624	11973	1
15624	13303	2
15624	13422	2
15624	13931	1
11695	11292	1
14092	14492	8
15624	10693	1
15624	11697	3
14092	12323	2
14092	10529	1
14092	13795	1
15624	15249	7
14092	10868	2
14092	11641	1
14092	11617	4
11695	12889	8
15624	12451	3
11695	15376	1
11695	12892	1
14092	11995	1
14092	14574	1
15624	10599	2
14092	14122	1
15624	14814	1
15624	11953	1
15624	10208	1
15624	11308	1
15624	12953	1
15624	14986	1
15624	13184	1
14092	13204	1
15624	11624	1
15624	11278	1
