11146	10397	1269
11146	11027	1
11146	11057	1339
11146	11066	4
11146	11433	418
11146	12953	81
11146	13121	3
11146	14122	6
11146	14574	3
11146	14730	1
11146	13930	559
11146	12266	180
11146	12264	483
11146	11278	386
11146	12223	7
11630	10397	1
11630	14747	1621
11630	10299	1937
11146	10821	1
11630	10754	140
11630	12523	55
11146	15412	1
11146	12945	6
11146	14679	1
11146	10135	1
11146	13931	3
11146	12339	1
11630	14709	24
11146	13204	156
11146	11697	63
11630	12819	11
11630	14828	10
11146	14027	1
11146	13487	1
