11193	12264	619
11193	12953	1917
11193	13930	3497
11193	14635	1272
12173	11292	1701
12173	12478	9
12173	12892	11554
12173	12982	5349
12173	13930	3171
12173	14771	6963
11193	10821	700
12173	14107	3541
11193	10693	710
11193	10721	1835
11193	11042	495
11193	11057	3163
11193	11267	63
11193	11292	1467
11193	11618	1210
11193	12266	1258
11193	12339	59
11193	12892	1818
11193	12945	31
11193	13487	1797
11193	11278	957
11193	11433	1819
11193	13204	1680
11193	14730	945
12173	10299	653
12173	10397	1793
12173	10693	1
12173	11278	1
12173	11298	2719
12173	11618	846
12173	12016	697
12173	12266	1448
12173	12402	2384
12173	12758	4424
12173	12889	1717
12173	13347	86
12173	13487	455
12173	13796	1094
12173	13830	6173
12173	14057	1839
12173	14222	213
12173	14679	929
12173	14747	4622
12173	14831	1025
12173	14869	1438
12173	14893	1003
12173	14908	180
12173	15376	1
12173	12492	167
12173	13034	209
12173	10666	411
12173	15016	1
11193	10397	3964
11193	11066	70
11193	11298	2136
11193	12451	544
11193	14100	1926
11193	14107	754
11193	14122	954
11193	12478	567
11193	13303	900
11193	13198	906
11193	14492	833
11193	15016	926
11193	15295	1
11193	11986	960
11193	10529	1074
11193	11612	494
11193	11996	250
11193	12889	1168
11193	13230	529
11193	13244	958
11193	13342	1240
11193	14679	333
11193	14771	971
11193	14869	1817
11193	15096	504
11193	15304	1175
11193	15919	296
11193	11995	263
11193	12223	177
11193	13871	275
11193	13931	455
11193	14524	562
11193	14696	537
11193	11697	1040
11193	11823	515
11193	13485	339
11193	13495	474
11193	14747	646
11193	15412	340
11193	10299	22
11193	13232	1
11193	10874	6
12173	11042	105
11193	10620	6
10333	11433	217
11193	10599	1
11193	13577	6
11193	14986	9
11193	12992	1
11193	10423	6
11193	11884	9
11193	15370	2
11193	14685	3
11193	10140	8
12173	11433	2
10333	15380	3
11193	11641	1
11193	13851	7
11193	14843	1
11193	14683	5
11193	11146	2
11193	10257	1
11193	14576	1
12173	14683	1
12173	11109	1
11193	10627	1
11193	10408	2
11193	13830	1
11193	11721	1
11193	14831	1
11193	10685	1
12173	10721	1
11193	14574	1
11193	10792	2
11193	13296	1
