10434	11618	580
10434	13930	1069
10434	10529	3
10434	14100	1621
15626	14843	164
10434	11433	845
10643	11292	225
10434	11057	688
10434	10577	3
10643	14107	8
10434	10257	1
10434	12953	5
10434	15070	1
10643	15016	1
10643	13204	56
10643	13198	3
10643	10397	565
10434	11252	9
10434	14986	2
13182	13342	11
10434	13230	8
10434	10135	4
10434	14122	2
15626	10721	1
10434	11042	1
10434	14307	1
10434	13296	1
10434	10721	1
10434	12478	1
10434	14576	1
10434	10821	1
10434	12197	1
10434	14711	1
10434	10423	1
10434	11278	1
