12889	14107	10181
12889	10397	9242
12889	10721	1263
12889	11042	2295
12889	11057	5289
12889	11278	500
12889	11292	10973
12889	11298	6925
12889	11618	2569
12889	11695	5
12889	12266	5026
12889	12478	4033
12889	12892	10592
12889	13244	2182
12889	13303	1364
12889	14057	2920
12889	14100	3522
12889	14698	1
12889	14747	3948
12889	14771	8242
12889	14869	8172
12889	14908	2594
12889	15304	1256
12889	13487	3880
12889	13891	2884
12889	11193	1082
12889	13930	7001
12889	10666	534
12889	10800	2562
12889	11433	4032
12889	11638	649
12889	12173	1872
12889	12264	1914
12889	13204	1554
12889	13495	1225
12889	13796	2111
12889	13830	282
12889	14262	513
12889	14679	3314
12889	14689	7
12889	15023	200
12889	10140	1838
12889	10257	613
12889	10529	685
12889	10599	790
12889	10693	1406
12889	10713	1253
12889	10792	815
12889	10821	1594
12889	11066	952
12889	11259	755
12889	11540	1062
12889	11697	1208
12889	11884	1231
12889	12191	2066
12889	12339	1109
12889	12451	763
12889	12896	525
12889	12992	594
12889	13158	485
12889	13296	598
12889	13342	2314
12889	13851	930
12889	13871	1047
12889	14122	1018
12889	14307	605
12889	14492	772
12889	14570	3698
12889	14683	1643
12889	14730	649
12889	14831	2161
12889	14893	2548
12889	15370	636
12889	15376	2176
12889	10423	1438
12889	13198	1469
12889	13232	2794
12889	10279	429
12889	15016	1651
12889	11140	21
12889	12206	32
12889	12391	87
12889	13931	142
12889	12448	68
12889	10994	29
12889	12982	1
12889	11503	5
12889	12954	885
12889	13264	62
12889	12441	1
12889	14027	14
12889	12953	44
12889	12297	9
12889	14986	1
12889	13433	53
12889	11603	96
12889	11637	71
12889	11898	57
12889	13367	62
12889	13486	85
12889	14783	70
12889	13194	3
12889	13502	4
12889	13476	74
12889	13485	5
12889	12094	2
12889	11648	71
12889	11525	3
12889	12003	75
12889	14635	2
12889	10849	75
12889	14794	5
12889	14843	7
12889	14288	53
12889	14457	62
12889	14489	71
12889	14512	58
12889	14696	58
12889	14716	89
12889	14814	74
12889	14905	81
12889	15389	65
12889	15919	74
12889	11921	60
12889	13577	1
12889	10918	1
12889	11481	1
12889	12884	105
12889	10561	53
12889	11423	86
12889	16218	1
12889	10408	60
12889	10620	90
12889	10627	68
12889	11003	64
12889	11109	69
12889	11122	51
12889	11337	45
12889	11719	79
12889	11775	65
12889	11980	58
12889	11986	64
12889	12278	116
12889	12280	64
12889	13061	64
12889	13256	100
12889	14108	60
12889	14252	89
12889	10466	8
12889	14711	1
12889	10685	1
12889	11711	1
