13487	10257	422
13487	10423	1245
13487	10529	1522
13487	10599	303
13487	10620	1015
13487	10627	1592
13487	10693	1519
13487	10721	2447
13487	10821	1783
13487	10849	1515
13487	11057	3257
13487	11066	1450
13487	11278	2686
13487	11298	5499
13487	11433	5497
13487	11618	2082
13487	11637	2869
13487	11977	1875
13487	12003	328
13487	12094	367
13487	12264	906
13487	12266	2555
13487	12278	611
13487	12451	575
13487	12953	3473
13487	13198	2277
13487	13232	4516
13487	13244	2826
13487	13342	5370
13487	13433	1417
13487	13485	2482
13487	13486	500
13487	13495	775
13487	13871	2099
13487	13930	10496
13487	13931	270
13487	14100	4450
13487	14307	338
13487	14492	1616
13487	14524	324
13487	14635	2280
13487	14683	1186
13487	14730	868
13487	15016	3439
12982	12173	5208
12982	12892	3090
13360	10397	3319
13360	11057	1185
13360	14492	5
13360	14576	9
13487	10140	805
13487	10299	1156
13487	10397	9941
13487	10713	1446
13487	11292	10657
13487	11337	1388
13487	11503	70
13487	11697	1439
13487	11884	1601
13487	11986	2159
13487	12173	1177
13487	12339	2102
13487	12478	1010
13487	12889	4079
13487	12892	4965
13487	13204	3976
13487	13303	1765
13487	13830	368
13487	14057	2935
13487	14107	8220
13487	14120	181
13487	14122	1315
13487	14262	361
13487	14457	987
13487	14679	2307
13487	14747	6352
13487	14771	4267
13487	14831	1535
13487	14843	162
13487	14869	4372
13487	14893	1398
13487	14908	1850
13487	15304	1815
13487	15376	661
12982	13830	921
12982	12758	164
13487	13076	1064
10275	14747	436
12982	14747	812
13487	11898	1754
12982	14107	1014
13487	14633	1238
13487	14108	331
13487	15295	57
10275	14252	11
13487	15380	160
13487	11042	1524
13487	11423	1951
12982	13796	47
13487	10361	1
12982	14771	1045
13487	10792	432
12982	13930	104
13487	11267	890
13487	11648	481
13487	11721	473
12982	12402	15
13487	10408	1043
13487	11193	1689
13487	14520	367
13487	11775	2020
13487	15370	238
13487	10739	281
13487	12156	326
13487	15048	497
13487	11003	949
13360	13204	56
13487	13367	497
13487	10685	281
13487	12343	204
13487	11725	231
13487	11109	322
13487	14252	325
13487	10268	418
13487	11203	984
13360	14635	7
13487	13184	247
13487	13029	680
13487	12945	212
13487	12129	223
13487	11447	138
13487	13851	437
13487	14576	403
13487	15919	254
13487	10141	423
13487	10631	393
13487	14696	287
13487	15412	239
13487	13211	303
12982	11292	156
13487	10469	233
13487	11996	25
13487	12884	243
13360	13303	7
13360	14321	6
13487	10409	192
13360	12323	3
13360	14730	4
13487	14027	1
13487	13891	34
13487	11259	244
13487	13296	10
13487	12335	97
13487	15381	62
13487	10785	12
13360	15304	11
13360	11252	6
13360	12451	6
13360	10721	1
13360	11697	12
13487	12441	1
10275	11603	1
10275	11884	2
13487	12191	16
10275	14057	2
12982	14831	36
13487	11587	65
13360	11953	1
13360	10792	8
13360	14986	1
13487	12519	113
13487	13459	15
13360	14027	14
13487	12197	1
13487	12206	276
13487	10590	50
13487	15024	31
13487	14570	5
13487	11471	5
12982	13034	1
13487	10874	4
13360	10599	1
13360	12266	1
13360	11577	1
13360	12892	1
13487	12992	1
13487	10279	3
13487	11540	3
13487	12448	6
13487	13796	11
13487	10800	8
13487	14321	1
13360	15249	1
13487	11481	2
13487	13158	1
13487	10994	1
13487	11624	5
13487	14986	3
13360	14685	1
12982	14057	1
