13931	12264	1458
13931	13930	1310
14635	10721	1574
14635	10792	569
14635	12478	1258
14635	13930	2987
14635	11618	1862
14635	11624	201
14635	12197	435
14635	12953	824
14635	13303	1022
14635	15070	1
14635	14524	3
14635	10397	10054
14635	11042	1230
14635	11057	5950
14635	11278	1567
14635	11697	245
14635	12266	2072
14635	13204	3154
14635	14027	141
14635	14100	2418
14635	15304	299
14635	10994	2
14635	11298	2368
14635	11433	3534
14635	12451	33
14635	14122	580
14635	14685	2
14635	14771	1
14635	14986	58
14635	15024	2
14635	15370	2
13931	10397	3857
13931	11278	543
13931	11433	1069
13931	13487	343
13931	14098	38
13931	14524	58
14635	13487	2379
13931	10821	1910
13931	11057	4218
13931	11298	1175
13931	12478	567
13931	12953	690
13931	14100	1369
13931	14492	23
13931	14574	3
14635	13244	424
14635	10529	397
14635	11193	1304
14635	11252	13
14635	11267	12
14635	11995	1
14635	12889	57
14635	11481	1
14635	13495	30
14635	15919	1
14794	12892	24
11603	11292	760
11603	13930	1
11603	14057	1552
11603	14771	1663
11603	14747	903
11603	10157	1
11603	14869	599
14794	14869	630
11603	14107	25
11603	13264	8
14635	12884	97
14635	15016	691
14635	13342	1299
13931	11618	560
13931	13303	327
13931	11042	190
13931	12266	514
14635	11292	533
13931	11193	509
13931	13871	9
13931	10721	8
13931	10990	3
13931	13139	2
13931	13244	15
13931	12339	9
14635	12339	864
14635	13198	194
14635	13296	196
14635	14307	222
13931	11624	2
14635	14492	60
14635	10158	409
11603	12892	54
11603	13964	3
14635	10874	301
14635	11423	1
14635	14747	26
11603	14489	5
14635	14193	4
13931	12197	1
13931	15304	490
13931	12945	1
14635	10821	2459
14635	11953	2
13931	11066	4
14635	14107	11
13931	10868	2
13931	14092	1
13931	14802	1
14635	11898	1
14635	12264	2
14635	14843	2
14635	10140	11
13931	12191	75
13931	12889	62
13931	13232	923
14635	13232	2053
13931	10257	10
14635	10257	6
14635	14908	14
13931	10693	535
13931	10423	13
13931	13204	704
14635	10693	494
13931	12451	395
14635	12191	12
13931	10792	28
14635	11066	562
13931	13495	44
13931	11259	7
13931	13198	32
14635	11259	3
13931	11481	21
13931	11697	185
14635	12391	263
14635	12892	6
13931	12391	1
13931	15016	13
13931	13296	52
13931	14679	161
14635	13796	3
14635	13871	22
13931	13796	30
13931	14570	11
13931	14730	12
13931	14893	26
14635	14683	2
14635	14869	4
14635	14262	1
13931	14122	9
14635	13360	5
11603	10590	2
14635	10685	167
14635	11986	276
14635	13367	136
14635	14576	176
11603	10466	83
11603	12889	92
11603	13796	74
13931	10529	1
11603	11884	2
13931	12892	35
13931	14869	14
14635	14679	10
14635	11721	341
14635	13230	2
13931	13795	2
13931	11995	3
13931	12217	1
14635	14321	1
14635	15096	2
14635	15624	1
14635	12945	1
13931	11109	1
14635	10431	1
13931	11641	1
13931	14683	16
11603	12280	1
13931	11292	2
14635	14098	1
14635	13422	1
13931	14747	2
13931	12173	1
13931	13360	3
13931	14986	1
13931	15249	1
13931	14027	1
14635	12323	1
13931	12896	1
13931	13851	1
13931	13891	2
13931	14107	1
13931	14635	4
