11267	10397	4828
11267	11433	1059
11267	14685	5
11267	15376	6
12375	15016	31
13851	10397	1951
13851	13360	2
13851	13487	530
11267	12264	842
11267	13930	2327
13851	11433	520
13851	11618	165
13851	13244	985
13851	13930	1989
11267	11292	1490
11267	10821	893
11267	13204	443
11267	15304	290
13851	11298	4693
13851	12892	361
11267	12953	354
11267	11298	1480
13851	11292	4134
13851	15376	19
13851	12266	1974
13851	13871	3
11267	13487	816
13851	14869	961
11267	11057	1926
11267	12266	487
11267	11278	671
13851	14783	2
13851	12264	246
11267	11973	2
11267	12323	1
11267	14100	1006
11267	14986	2
11267	15249	2
13851	11042	8
13851	12451	10
13851	14122	16
11267	11042	628
11267	14057	6
11267	10874	2
11267	11066	46
11267	11721	2
11267	13342	35
11267	11697	1
13851	15370	110
11267	11193	61
11267	11618	329
11267	14683	1
13851	12891	4
13851	13198	632
13851	14683	55
13851	11267	3
13851	12278	24
13851	15016	869
13851	11109	4
13851	11540	7
13851	11638	2
13851	12953	34
13851	15919	3
13851	10423	81
11267	10693	3
13851	12992	4
11267	12339	30
13851	11423	1
11267	10599	1
13851	14027	1
11267	14730	6
13851	10279	6
13851	12889	947
13851	14524	1
11267	14492	5
13851	14107	902
11267	12992	1
13851	11259	1416
13851	13342	17
11267	11637	4
13851	14113	1
13851	10590	2
13851	14771	13
13851	14893	24
13851	11278	1
13851	12339	4
13851	13232	220
13851	11150	1
11267	15380	1
13851	10140	7
13851	10529	4
13851	10599	11
13851	10693	1
13851	10713	1
13851	10721	7
13851	10800	3
13851	10821	472
13851	11066	8
13851	11140	12
13851	11697	8
13851	11884	2
13851	12191	1284
13851	12206	2
13851	12448	3
13851	13158	7
13851	13204	76
13851	13495	44
13851	13796	4
13851	13891	2
13851	14057	17
13851	14492	19
13851	14570	2
13851	14635	4
13851	14679	37
13851	14747	2
13851	14831	5
13851	15304	8
11267	13232	1
13851	11778	2
13851	12478	1
13851	14814	1
13851	14262	1
13851	13502	1
13851	14730	1
11267	14122	4
11267	11109	2
11267	11996	1
11267	13198	1
11267	15295	1
11267	10994	1
11267	12892	1
11267	13244	1
11267	15016	1
11267	14107	1
11267	14635	1
13851	14100	1
13851	10781	1
11267	14696	1
