10397	10140	1733
10397	10257	1371
10397	10299	202
10397	10423	3801
10397	10529	3645
10397	10599	4958
10397	10693	4882
10397	10721	6981
10397	10781	2282
10397	10792	4074
10397	10821	6913
10397	10849	266
10397	10868	3015
10397	10980	2799
10397	10994	5379
10397	11042	3101
10397	11057	13271
10397	11066	5914
10397	11109	828
10397	11193	4581
10397	11252	4035
10397	11267	4680
10397	11278	9176
10397	11292	10019
10397	11298	13468
10397	11433	7292
10397	11481	2748
10397	11503	693
10397	11540	1364
10397	11618	5012
10397	11624	2317
10397	11697	16019
10397	11721	3749
10397	11973	2276
10397	11986	1499
10397	11995	3887
10397	11996	3294
10397	12094	530
10397	12173	1905
10397	12191	5303
10397	12217	3225
10397	12264	5760
10397	12266	5790
10397	12339	6460
10397	12441	174
10397	12448	2828
10397	12451	10839
10397	12478	2709
10397	12889	8987
10397	12892	11061
10397	12953	9589
10397	12992	2881
10397	13198	5747
10397	13204	17924
10397	13232	4575
10397	13244	7398
10397	13296	748
10397	13303	8428
10397	13342	5477
10397	13360	3241
10397	13487	9881
10397	13495	8263
10397	13502	376
10397	13577	1373
10397	13851	1934
10397	13871	1802
10397	13891	1030
10397	13930	7960
10397	13931	3778
10397	14027	9693
10397	14057	2580
10397	14098	3980
10397	14100	9664
10397	14107	8876
10397	14122	6488
10397	14193	6437
10397	14307	1918
10397	14321	1347
10397	14492	7680
10397	14524	6277
10397	14576	3609
10397	14635	9994
10397	14679	5157
10397	14683	7105
10397	14685	5317
10397	14730	3651
10397	14747	5593
10397	14771	5891
10397	14831	863
10397	14843	5995
10397	14869	8267
10397	14893	1320
10397	14908	3220
10397	14986	6271
10397	15016	5996
10397	15024	1412
10397	15027	157
10397	15096	1518
10397	15249	3473
10397	15304	13814
10397	15370	1610
10397	15376	1691
10397	15624	2684
10397	10135	695
10397	10146	743
10397	10185	1107
10397	10208	2589
10397	10408	392
10397	10431	1932
10397	10685	2755
10397	10731	619
10397	10874	3705
10397	10990	881
10397	11146	1192
10397	11150	848
10397	11308	771
10397	11423	982
10397	11612	834
10397	11617	526
10397	11641	2060
10397	11823	652
10397	11953	1998
10397	11982	656
10397	12007	347
10397	12197	2765
10397	12278	2867
10397	12323	1564
10397	12945	2435
10397	12951	701
10397	13121	176
10397	13139	2
10397	13230	1138
10397	13241	298
10397	13277	1661
10397	13367	1429
10397	13377	716
10397	13422	2184
10397	13485	298
10397	13795	919
10397	14574	1169
10397	14696	601
10397	14783	684
10397	14814	1007
10397	15070	708
10397	15323	1624
10397	15412	2825
10397	15607	829
10397	15919	1282
10397	10158	631
10397	10643	546
10397	15502	53
14905	12892	429
10397	14262	1
10397	13203	21
10397	11699	6
14905	14689	3
10397	10216	9
10397	13484	151
10397	12954	2
10397	10279	1
10397	14570	1
14905	12889	81
10397	15295	1
10397	11977	5
14905	14683	1
10397	10581	6
10397	11531	1
10397	13076	1
10397	11537	1
10397	13034	1
10397	15177	1
14905	14908	1
14905	11603	1
10397	10372	1
