10874	10397	3861
10874	11292	898
10874	10721	261
10874	12953	454
10874	13204	479
10874	14635	319
10874	15304	384
14698	14107	1102
14698	12892	1143
10874	11433	821
14698	14771	830
10874	11057	1579
10874	13930	898
10874	13342	321
10874	14108	1
14698	10800	1
10874	11278	234
10874	11973	4
10874	14100	483
10874	10821	1
10874	11042	64
14698	14679	4
14698	10140	9
14698	13476	1
14698	14683	5
14698	10423	2
10874	11193	7
10874	12339	5
10874	13577	1
10874	11066	9
10874	11267	7
10874	12889	1
10874	10792	1
10874	14730	1
10874	10135	1
10874	14122	6
10874	11996	1
10874	12278	1
10874	14107	1
14698	14689	11
14698	14831	2
14698	11638	4
14698	14893	4
10874	11618	1
10874	11612	1
10874	10693	1
10874	13795	1
14698	10713	1
10874	15016	1
10874	15295	1
14698	14262	3
10874	11995	1
14698	12954	1
10874	10785	1
14698	13796	1
10874	13230	1
