10994	11618	367
10994	12264	1085
10994	12266	547
10994	13930	895
10994	10397	5372
10994	11057	4370
10994	11278	902
10994	14100	813
10994	14122	25
10994	10693	169
10994	10821	421
10994	10721	21
10994	12191	182
10994	13232	333
10994	12892	7
10994	14057	12
10994	14747	1
10994	11996	19
10994	12451	34
10994	14492	21
10994	14635	3
10994	14685	80
10994	10599	1
10994	11995	3
10994	11433	570
10994	10431	3
10272	11292	63
10994	12953	476
10994	11298	802
10994	13303	255
10994	10785	1
10994	12339	32
10994	14307	19
10994	14321	6
10994	13577	19
10994	15607	1
10994	11624	3
10994	13244	21
10994	13296	6
10994	13342	10
10994	14027	8
10994	14908	8
10994	10868	26
10994	14730	1
10994	15016	1
10994	10208	4
10994	12124	5
10994	11066	3
10994	10990	2
10994	12323	11
10994	12217	2
10994	14683	2
10994	12478	1
10994	11697	3
10994	10423	3
10994	11699	5
10994	14771	1
10994	12992	1
10994	14869	1
10994	15412	2
10994	14193	16
10994	10268	1
10994	13204	7
10994	13795	1
10994	11617	2
10994	14574	1
10994	13851	1
10994	13495	1
10994	13931	1
10994	11641	1
10994	10529	3
10994	13158	4
10994	15370	1
10994	15304	1
10994	13487	1
