14679	10666	80
14679	12173	895
14679	10721	585
14679	11618	1658
14679	12197	1
14679	12478	2096
14679	12892	6433
14679	12954	15
14679	13796	1861
14679	12266	4967
14679	13930	6039
12255	11292	95
14679	10397	5371
14679	10800	68
14679	11057	1364
14679	11292	7776
14679	11298	6082
14679	11697	206
14679	12264	2417
14679	12889	3314
14679	13303	15
14679	14057	1467
14679	14100	1887
14679	14107	8553
14679	14262	96
14679	14683	798
14679	14689	23
14679	14747	2946
14679	14771	5982
14679	14831	1432
14679	14908	380
14679	15376	1107
14679	13891	92
14679	14869	3143
14679	14893	1658
14679	11433	1193
14679	13487	2297
14679	13830	412
14679	14698	4
14679	11193	369
14679	10821	1074
14679	14570	619
14679	11884	129
14679	13931	189
14679	14635	1
14679	12451	5
14679	11042	73
14679	10423	1022
14679	11041	63
14679	10140	797
14679	11278	129
14679	11540	345
14679	15304	126
14679	10713	159
14679	12397	1
14679	13204	205
14679	13495	165
14679	13851	26
14679	13871	112
14679	11986	27
14679	11638	10
14679	11109	2
14679	11775	5
14679	12217	13
14679	13476	2
14679	14027	1
14679	12339	33
14679	12953	44
14679	16218	3
14679	10257	3
14679	13232	1850
14679	10279	24
14679	11259	480
14679	12191	1148
14679	10529	99
14679	10693	672
14679	15016	577
14679	13198	751
14679	10792	11
14679	10994	7
14679	11066	7
14679	12391	7
14679	12896	16
14679	12992	21
14679	13158	4
14679	15370	40
14679	13296	57
14679	13342	134
14679	14122	70
14679	14307	68
14679	14730	62
14679	10466	1
14679	13256	3
14679	13422	1
14679	10157	1
14679	11603	2
14679	11503	3
14679	13264	1
14679	12441	3
14679	12206	4
14679	14492	10
14679	12448	1
14679	10599	1
12255	13871	1
