12953	10599	244
12953	10693	1425
12953	10721	4455
12953	10994	528
12953	11066	2186
12953	11193	1790
12953	11278	4310
12953	11986	213
12953	12264	1403
12953	12339	1544
12953	13198	1118
12953	13204	2492
12953	13930	11092
12953	14122	1767
12953	14492	2828
12953	15016	1657
12953	11292	4802
12953	11298	6542
12953	11423	8
12953	12889	72
12953	14057	7
12953	14679	9
12953	14908	28
14908	10821	77
14908	11292	5555
14908	11618	1184
14908	12264	9
14908	12478	4
14908	13930	3743
14908	14747	2634
14908	14771	3347
14908	15016	70
12953	10397	9405
12953	10868	210
12953	10874	414
12953	13342	2255
12953	14098	290
12953	12892	220
12953	10785	402
12953	13487	3540
12953	14107	202
12953	11057	8490
12953	11433	3977
12953	10257	282
12953	11618	1100
12953	12478	1917
12953	13303	2844
12953	15096	355
12953	10581	825
12953	10423	60
12953	11042	1601
12953	11146	87
12953	15024	17
12953	11697	3717
12953	10529	230
12953	15919	246
12953	14100	2794
12953	14321	1427
12953	14307	158
12953	10821	2273
12953	13931	629
12953	14635	807
12953	10434	6
12953	13577	402
12953	14843	111
12953	12451	867
12953	13244	1573
12953	13230	98
12953	10685	1
12953	14685	318
12953	11337	1
12953	13495	785
12953	10135	7
12953	14524	702
12953	15304	1174
12953	15412	102
12953	12266	3127
12953	14869	21
12953	12197	150
12953	11995	803
12953	13485	268
12953	14027	1481
12953	15070	6
12953	10792	759
12953	13871	195
12953	12391	19
14908	12266	2951
14908	12892	1042
14908	13891	153
14908	14262	88
14908	14679	458
14908	14831	1032
12953	11503	116
12953	11540	19
12953	13256	5
12953	13296	258
12953	14262	34
12953	14730	114
14908	11278	51
14908	11298	6017
14908	11697	51
14908	13495	24
14908	14635	10
14908	14057	1284
14908	10423	20
14908	12173	171
14908	13830	122
12953	12323	437
12953	14574	116
12953	10431	200
12953	11252	10
12953	11996	90
12953	12945	286
14908	10397	3498
14908	10721	30
14908	11057	4
14908	11433	59
14908	12441	9
14908	12889	2492
14908	13487	1627
14908	14100	67
14908	14869	2770
12953	14747	78
14908	14107	6544
14908	12954	51
14908	10800	115
12953	14771	15
12953	10990	135
12953	14576	431
12953	11267	397
14908	10140	68
14908	10279	3
14908	10693	44
14908	10713	21
14908	10994	1
14908	11259	25
14908	11481	1
14908	11540	21
14908	12191	26
14908	12339	6
14908	12391	15
14908	13198	35
14908	13204	29
14908	13232	760
14908	13342	3
14908	13796	1172
14908	13851	2
14908	14122	15
14908	14307	36
14908	14492	17
14908	14570	165
14908	14683	88
14908	14893	888
14908	15304	42
14908	15376	49
14908	13871	25
12953	12397	210
12953	10140	21
12953	13232	2168
12953	10577	1
12953	11699	6
12953	10781	2
14908	14689	13
14908	10299	1
12953	14986	2
14908	11109	1
12953	14711	2
12953	11637	1
12953	14696	1
12953	14683	2
14908	14524	1
14908	13476	1
14908	11041	2
12953	12992	1
12953	14893	1
12953	10208	5
12953	12244	8
14908	12094	1
12953	14570	2
14908	10561	2
14908	11638	4
12953	11617	1
14908	11884	1
12953	12191	7
14908	15370	1
12953	14831	2
14908	12953	1
12953	12206	1
12953	13502	1
