10620	13487	1039
15249	10397	3397
15249	13931	4
15249	14307	2
13121	10397	180
15249	11697	186
15249	13244	6
10620	10466	89
10620	12889	86
10620	12892	41
15249	13303	398
15249	11298	294
10620	14747	501
10620	11292	2453
15249	11057	1354
15249	14027	3
10620	14869	1229
15048	13487	500
15249	13204	32
13121	12478	47
13121	14574	3
15249	11953	7
10620	12441	3
15249	12339	7
15048	11775	2
15048	13871	4
10620	13486	9
10620	12003	14
10620	11908	14
10620	11122	1
15249	15304	30
10620	14893	3
15249	13495	2
15249	11481	5
10620	13128	3
10620	11879	2
10620	13862	11
10620	14745	10
10620	10590	2
15249	12266	1
15249	12451	16
10620	10849	25
10620	12264	7
10620	13930	1
15249	13277	1
15249	14193	8
15249	15016	1
15249	14492	1
15249	15624	7
10620	14908	1
13121	11042	2
15048	14952	1
15249	13422	2
10620	12156	8
15249	11267	1
15249	11252	4
15249	15607	3
15249	14635	4
10620	11637	1
15048	11423	1
15249	10146	1
15249	14986	3
10620	11648	2
15249	13241	1
13121	11278	1
10620	12245	5
10620	13433	1
10620	14457	2
10620	11775	1
13121	11146	1
15249	12953	1
15249	14685	3
10620	10627	2
10620	11884	1
10620	11097	3
10620	10779	1
15249	11066	1
10620	14252	1
10620	12266	1
10620	10821	3
10620	14812	1
15249	10868	1
15249	12217	2
15249	10693	1
