14100	10529	2648
14100	10721	6243
14100	11292	5211
14100	11298	6257
14100	12953	3295
14100	13204	5972
14100	13230	1590
14100	13342	1177
14100	13930	9953
14100	14122	4063
14100	15070	874
14100	10397	9578
14100	14730	486
14100	10990	405
14100	12264	996
14100	10135	1237
14100	11057	6682
14100	11193	1861
14100	11618	1991
14100	11697	3786
14100	12397	1003
14100	12889	3570
14100	13296	3189
14100	13303	2700
14100	14027	2365
14100	14098	726
14100	14307	3342
14100	14524	1656
14100	14635	2361
14100	14843	3372
14100	14576	1599
14100	10257	1613
14100	10693	1919
14100	10792	2026
14100	11066	1729
14100	11433	5240
14100	12266	4104
14100	12323	925
14100	12339	1923
14100	13198	1013
14100	13487	4357
14100	13577	144
14100	14492	3449
14100	14685	405
14100	15016	2179
14100	10434	1597
14100	10581	1218
14100	10599	224
14100	10821	2612
14100	10868	439
14100	10874	451
14100	10994	775
14100	11042	2747
14100	11267	993
14100	11278	2472
14100	11537	1230
14100	11995	1253
14100	11996	513
14100	12391	1034
14100	12892	3963
14100	13244	1192
14100	13495	942
14100	13931	1641
14100	14107	6361
14100	14321	1972
14100	14574	376
14100	14704	740
14100	15024	936
14100	15304	3628
14100	15412	315
14100	10785	1883
14100	12197	713
14100	12244	915
14100	12365	603
14100	14711	1546
14100	14747	1247
14100	14771	3517
14100	15096	1988
14100	11577	654
14100	12451	1646
14100	14057	36
14100	14679	1577
14100	10577	955
14100	14869	1271
14100	12478	212
14100	10980	1
14100	13891	17
14100	14683	170
14100	10185	1
15569	12266	90
14100	10423	157
14100	14262	25
14100	13796	118
14100	10208	4
14100	11884	4
14100	12191	656
14100	12992	20
14100	13232	2266
14100	13871	5
14100	14570	5
14100	14831	25
14100	14893	25
14100	14908	7
14100	15376	1
14100	11259	177
14100	10140	115
14100	12448	1
14100	12896	1
14100	12278	1
14100	11624	2
14100	14193	1
14100	13851	1
14100	12217	1
14100	10322	1
14100	11986	1
14100	11540	3
14100	14696	1
14100	10469	1
14100	13367	1
14100	10800	6
