11413	11292	2429
11413	14107	510
11003	11433	941
11003	13487	1039
11003	10693	3
11003	11423	19
12129	13487	225
11003	13930	2772
11003	13211	2
11003	10268	4
11003	11298	1105
11003	11274	2
11003	15919	1
11003	11292	1174
11003	12511	1
11003	13485	4
11003	15016	4
12389	11292	285
11003	11193	1
12129	11337	2
11003	13871	2
11003	13198	1
11003	13367	10
13490	10257	29
12129	15381	3
11003	11109	1
11003	13342	4
13490	10721	3
10466	10620	89
10466	10627	81
10466	10666	119
10466	10849	64
10466	11003	80
10466	11109	54
10466	11603	86
10466	11637	104
10466	11719	65
10466	11775	90
10466	11898	54
10466	11980	70
10466	11986	77
10466	12003	76
10466	12278	100
10466	12280	84
10466	13264	80
10466	13367	65
10466	13433	35
10466	13486	78
10466	14108	75
10466	14252	74
10466	14457	69
10466	14489	73
10466	14512	70
10466	14696	71
10466	14783	79
10466	15919	56
11003	10466	80
11003	12889	62
11003	14112	63
11003	14761	62
11413	15376	1
12129	13342	1
11003	10397	1
11003	10590	3
12129	10590	3
10466	12889	5
10466	12954	1
10466	12892	3
10466	10408	3
11413	10140	5
11413	10272	1
11003	11278	1
11413	11921	2
11003	10721	1
11003	14492	1
11413	14689	1
11413	13502	2
11413	11109	1
11003	14122	1
12389	13433	1
11003	11637	1
11003	12266	1
11003	14869	1
11413	11695	1
11413	14869	1
11413	11298	1
11003	13303	1
11003	15412	1
