11618	10397	5042
11618	10431	76
11618	10529	518
11618	10693	591
11618	10721	2648
11618	10785	1021
11618	10792	1149
11618	10821	675
11618	10994	322
11618	11057	7745
11618	11066	949
11618	11193	1239
11618	11267	347
11618	11278	792
11618	11433	2274
11618	11986	263
11618	11995	470
11618	11996	180
11618	12264	755
11618	12339	878
11618	12451	773
11618	12992	135
11618	13198	587
11618	13230	427
11618	13244	775
11618	13296	645
11618	13342	756
11618	13485	169
11618	13487	2132
11618	13495	1031
11618	13577	198
11618	13851	158
11618	13871	335
11618	13930	6919
11618	13931	619
11618	14122	1259
11618	14307	655
11618	14492	1352
11618	14524	649
11618	14576	1044
11618	14685	396
11618	14730	270
11618	15016	793
11618	15096	502
11618	15370	114
11618	15412	93
11618	15919	138
11618	12892	3080
11618	13204	3478
11618	11292	3295
11618	12478	445
11618	14100	1968
11618	14107	3488
11618	12953	982
11618	14027	2382
11618	11697	3056
11618	14321	1043
11618	14771	3316
11618	14843	640
11618	14635	1749
11618	13232	146
11618	10434	601
11618	10732	392
11618	12266	4564
11618	13303	2940
11618	14747	2694
11618	10423	859
11618	11042	1236
11618	12889	2374
11618	10299	92
11618	11298	4077
11618	12173	916
11618	14679	1604
11618	14908	1018
11618	15024	494
11618	10135	110
11618	10257	667
11618	12397	340
11618	15304	2347
11618	14057	621
11618	14683	680
11618	11503	348
11618	12197	33
11618	13502	99
12915	12266	888
11618	12758	1
11618	12094	77
11618	14869	1178
11618	15070	7
12915	11298	400
10170	10299	515
12915	13495	3
11618	10599	2
11618	14262	18
10170	14919	1
11618	14831	2
11618	12391	5
11618	10849	1
11618	11977	3
11618	13277	3
11618	13796	6
11618	14570	35
10170	12173	1
11618	10713	5
11618	14098	1
11618	14574	1
12915	13204	1
12915	10423	2
12915	10800	1
12915	12951	3
12915	10781	5
12915	11973	3
11618	11109	1
11618	11537	2
11618	11423	10
12915	13303	1
11618	14893	27
12915	10994	1
11618	12191	1
11618	13476	1
11618	10577	1
11618	10469	1
11618	14783	1
11618	10874	2
11618	12217	1
11618	10868	2
11618	12323	4
11618	12244	1
11618	10158	1
11618	11624	1
